   1.3893230e+00   3.3572910e+00   1.4809890e+00   1.3033850e+00   4.4010420e+03   3.5798610e+03   4.1199020e+03   3.4548610e+00   2.2935920e+03   1.7291670e+03   3.2484380e+01   3.9062500e+01
   1.3893230e+00   3.3572910e+00   1.4867190e+00   1.3033850e+00   3.9305560e+03   3.6145830e+03   4.0126210e+03   3.4548610e+00   4.4854370e+03   3.8387500e+03   3.2484380e+01   3.5069450e+01
   1.3950520e+00   3.3572910e+00   1.4867190e+00   1.3062500e+00   4.3159720e+03   3.3246530e+03   3.9918580e+03   3.4548610e+00   2.0765050e+03   1.7061110e+03   3.2541670e+01   4.4212960e+01
   1.3950520e+00   3.3572910e+00   1.4867190e+00   1.3062500e+00   4.6822920e+03   3.3750000e+03   4.3102370e+03   6.9097220e+00   2.0970870e+03   2.3199650e+03   3.2541670e+01   3.7962960e+01
   1.3893230e+00   3.3572910e+00   1.4867190e+00   1.3091150e+00   4.8524310e+03   3.3923610e+03   4.4244380e+03   3.4548610e+00   2.1584470e+03   1.6686460e+03   2.9763020e+01   3.7673610e+01
   1.3893230e+00   3.3572910e+00   1.4867190e+00   1.3062500e+00   4.9809030e+03   3.5538190e+03   4.4901910e+03   3.4548610e+00   2.0796120e+03   3.3488190e+03   2.9763020e+01   3.8541660e+01
   1.8476560e+00   3.3572910e+00   2.9562500e+00   1.6299480e+00   4.8993060e+03   3.6736110e+03   4.5057640e+03   3.4548610e+00   1.9475730e+03   3.2854170e+03   2.7184890e+01   3.9756950e+01
   1.8476560e+00   3.3429680e+00   2.2085940e+00   1.6299480e+00   5.7638890e+03   3.6579860e+03   4.9383450e+03   3.4548610e+00   2.4551460e+03   7.3777780e+02   2.7184890e+01   3.7384260e+01
   1.8476560e+00   3.3429680e+00   1.4781250e+00   1.4322920e+00   4.4878470e+03   3.7847220e+03   4.3534960e+03   3.4548610e+00   2.6229130e+03   5.9425690e+03   2.2601560e+01   3.6284720e+01
   1.8476560e+00   3.3286460e+00   1.4723960e+00   1.3005210e+00   4.5902780e+03   3.7847220e+03   4.1389350e+03   3.4548610e+00   2.3300970e+00   1.6917010e+03   2.2601560e+01   3.8773150e+01
   1.8390620e+00   3.3286460e+00   1.4723960e+00   1.6184900e+00   4.2604170e+03   3.6267360e+03   4.1735420e+03   3.4548610e+00   2.4644660e+03   3.7580550e+03   2.1169270e+01   3.7268520e+01
   1.3750000e+00   3.3286460e+00   7.4192700e-01   1.2919270e+00   4.3177080e+03   3.7170140e+03   4.0645310e+03   3.4548610e+00   2.3968930e+03   3.2162500e+03   2.1169270e+01   3.9988430e+01
   1.8304690e+00   3.3286460e+00   1.4723960e+00   1.2919270e+00   4.5399310e+03   3.6805550e+03   3.9953180e+03   3.4548610e+00   2.3693200e+03   3.3055900e+03   2.5236980e+01   3.8194450e+01
   1.8304690e+00   3.3143230e+00   1.4638020e+00   1.2919270e+00   5.1197920e+03   3.5833330e+03   4.3102370e+03   3.4548610e+00   4.1941750e+02   3.3055900e+03   2.5236980e+01   3.6458340e+01
   1.3750000e+00   3.3143230e+00   1.4638020e+00   1.2890620e+00   5.0763890e+03   3.6562500e+03   4.6182350e+03   3.4548610e+00   3.0046600e+03   2.2335070e+03   2.2888020e+01   3.3564820e+01
   1.3664060e+00   3.3286460e+00   1.4638020e+00   1.2890620e+00   4.5746530e+03   3.8315970e+03   4.2652490e+03   6.9097220e+00   2.9518450e+03   3.8762150e+03   2.2888020e+01   3.4780090e+01
   1.3750000e+00   3.3143230e+00   1.4638020e+00   1.2890620e+00   4.1006940e+03   3.5572920e+03   3.9018810e+03   6.9097220e+00   2.8625240e+03   3.9943750e+03   2.5666670e+01   3.8715280e+01
   1.3750000e+00   3.3143230e+00   1.4638020e+00   1.2919270e+00   4.2690970e+03   3.3524300e+03   3.9434090e+03   3.4548610e+00   2.7879610e+03   3.8675700e+03   2.5666670e+01   3.5011570e+01
   1.3750000e+00   3.3143230e+00   1.4638020e+00   1.2919270e+00   4.2083330e+03   3.3506950e+03   3.9901270e+03   3.4548610e+00   2.7545630e+03   3.8214580e+03   2.4893230e+01   3.3854160e+01
   1.3664060e+00   3.3286460e+00   1.4638020e+00   1.6184900e+00   5.2500000e+03   3.5486110e+03   4.3379220e+03   3.4548610e+00   4.2718440e+00   3.4871530e+02   2.4921880e+01   3.3391200e+01
   1.3664060e+00   3.3143230e+00   1.4638020e+00   1.6070310e+00   5.7795140e+03   3.5798610e+03   5.1805900e+03   3.4548610e+00   2.7631070e+03   3.5015630e+03   2.4664060e+01   3.3391200e+01
   1.3664060e+00   3.3143230e+00   1.4638020e+00   1.6614580e+00   5.0104170e+03   4.1180560e+03   4.6926390e+03   6.9097220e+00   6.6718440e+02   2.2882640e+03   2.4664060e+01   3.4548610e+01
   1.3606770e+00   3.3143230e+00   1.4580730e+00   1.6098960e+00   4.8940970e+03   3.8732640e+03   4.4054050e+03   3.4548610e+00   2.3825240e+03   1.7176390e+03   2.8846350e+01   3.1944440e+01
   1.3635420e+00   3.3143230e+00   1.4580730e+00   1.6098960e+00   4.4809030e+03   3.7152780e+03   4.2912040e+03   3.4548610e+00   2.5537860e+03   3.2393060e+03   2.8846350e+01   3.4375000e+01
   1.3606770e+00   3.3000000e+00   1.4580730e+00   1.9335940e+00   4.2986110e+03   3.6440970e+03   4.0178130e+03   3.4548610e+00   2.6062140e+03   2.0087150e+03   2.5838540e+01   3.6168980e+01
   1.3606770e+00   3.3000000e+00   1.4580730e+00   1.9250000e+00   4.3940970e+03   3.5677080e+03   3.9364870e+03   3.4548610e+00   2.6225240e+03   1.5418400e+03   2.5838540e+01   3.7326390e+01
   1.3664060e+00   3.3000000e+00   1.4580730e+00   1.6041670e+00   4.4791670e+03   3.5173610e+03   3.9866670e+03   3.4548610e+00   2.6108740e+03   1.2795830e+03   2.8130210e+01   3.7268520e+01
   1.3635420e+00   3.3000000e+00   7.3619790e-01   1.2861980e+00   4.6215280e+03   3.4392360e+03   4.0818340e+03   3.4548610e+00   2.7996120e+03   6.0000000e+03   2.8130210e+01   3.4259260e+01
   1.3635420e+00   3.2971350e+00   1.4580730e+00   1.2890620e+00   5.2725690e+03   3.5677080e+03   4.3448440e+03   3.4548610e+00   3.8834950e+00   0.0000000e+00   2.8760420e+01   3.2118050e+01
   1.3635420e+00   3.2971350e+00   1.4580730e+00   1.2861980e+00   5.9843750e+03   3.6406250e+03   5.3051740e+03   6.9097220e+00   3.8834950e+00   3.9194440e+02   2.8760420e+01   3.1307870e+01
   1.3606770e+00   3.2971350e+00   1.4580730e+00   1.2776040e+00   5.9583330e+03   4.0520830e+03   5.4764760e+03   3.4548610e+00   4.6601940e+00   1.8588540e+03   2.2973960e+01   3.2175930e+01
   1.3635420e+00   3.3000000e+00   1.4580730e+00   1.5955730e+00   5.5190970e+03   4.2621530e+03   5.0646590e+03   3.4548610e+00   1.2295150e+03   9.0781250e+02   2.2973960e+01   2.8935180e+01
   1.3606770e+00   3.2856770e+00   1.4494790e+00   1.8963540e+00   4.3576390e+03   4.0295140e+03   4.4105960e+03   3.4548610e+00   2.7487380e+03   3.7753470e+03   2.1799480e+01   3.3969910e+01
   1.3578120e+00   3.2828120e+00   1.4494790e+00   1.9164060e+00   3.9861110e+03   3.7916670e+03   3.7634550e+03   6.9097220e+00   2.9398060e+03   2.0663540e+03   2.1799480e+01   3.0381940e+01
   1.3606770e+00   3.6437500e+00   1.4494790e+00   1.6098960e+00   3.8732640e+03   3.5451390e+03   3.6025350e+03   3.4548610e+00   2.9184470e+03   3.8070490e+03   2.7098960e+01   3.3564820e+01
   1.3635420e+00   3.2828120e+00   2.1656250e+00   1.5039060e+00   4.2118060e+03   3.4618060e+03   3.7063540e+03   6.9097220e+00   2.4415530e+03   2.5562850e+03   2.7098960e+01   3.2928240e+01
   1.3606770e+00   3.5520830e+00   1.4494790e+00   1.2747400e+00   4.6649310e+03   3.4618060e+03   4.0403070e+03   3.4548610e+00   1.4155340e+03   1.1585420e+03   2.8273440e+01   3.3912040e+01
   1.3578120e+00   3.2856770e+00   1.4494790e+00   1.2747400e+00   5.6024310e+03   3.5312500e+03   4.8224130e+03   3.4548610e+00   2.0310680e+03   5.3892360e+02   2.8273440e+01   3.2812500e+01
   1.3578120e+00   3.2828120e+00   1.4494790e+00   1.2747400e+00   5.8020830e+03   3.7881940e+03   5.2878710e+03   3.4548610e+00   2.3366990e+03   1.3084030e+03   2.5322920e+01   3.1539350e+01
   1.3578120e+00   3.2856770e+00   1.4437500e+00   1.5898440e+00   4.7916670e+03   3.9739580e+03   4.7012910e+03   6.9097220e+00   2.5522330e+03   1.5245490e+03   2.5322920e+01   2.9745370e+01
   1.3578120e+00   3.2828120e+00   1.4437500e+00   1.9049480e+00   3.8454860e+03   3.6805550e+03   3.7721060e+03   3.4548610e+00   2.5102910e+03   4.0059030e+03   2.7213540e+01   3.3680550e+01
   1.3578120e+00   3.2713540e+00   1.4437500e+00   2.2200520e+00   4.0729170e+03   3.2187500e+03   3.8343980e+03   3.4548610e+00   2.4834950e+03   3.8012850e+03   2.7213540e+01   3.0324070e+01
   1.3635420e+00   3.2828120e+00   1.4437500e+00   2.2200520e+00   4.5000000e+03   3.2048610e+03   4.0074310e+03   3.4548610e+00   2.4283490e+03   3.7868750e+03   2.2888020e+01   3.0960650e+01
   1.3635420e+00   3.2828120e+00   1.4494790e+00   2.2200520e+00   5.0677080e+03   3.4218750e+03   4.4503940e+03   6.9097220e+00   2.5102910e+03   1.7032290e+03   2.2888020e+01   2.7835650e+01
   1.3578120e+00   3.2828120e+00   1.4494790e+00   1.9049480e+00   4.0104170e+03   3.6059030e+03   3.8170950e+03   6.9097220e+00   2.4718450e+03   3.8156940e+03   2.4348960e+01   2.7835650e+01
   1.3578120e+00   3.2828120e+00   1.4494790e+00   1.5898440e+00   4.7430560e+03   3.5451390e+03   4.3240800e+03   6.9097220e+00   2.5650490e+03   1.4294440e+03   2.4348960e+01   2.6620370e+01
   1.3578120e+00   3.2828120e+00   1.4494790e+00   1.5869790e+00   4.7413190e+03   3.4826390e+03   4.4054050e+03   6.9097220e+00   2.5891260e+03   1.4121530e+03   2.3174480e+01   2.8703700e+01
   1.3578120e+00   3.2828120e+00   1.4494790e+00   2.0911460e+00   4.6684030e+03   3.5850700e+03   4.3621470e+03   3.4548610e+00   4.5592230e+03   1.6571180e+03   2.3174480e+01   2.7141200e+01
   1.3635420e+00   3.2971350e+00   1.4494790e+00   2.2315100e+00   4.3923610e+03   3.5451390e+03   4.1250930e+03   6.9097220e+00   2.5157280e+03   2.8358330e+03   2.2630210e+01   3.0613430e+01
   1.3635420e+00   3.2971350e+00   1.4494790e+00   2.5953130e+00   4.7326390e+03   3.4444450e+03   4.2600580e+03   3.4548610e+00   2.8423300e+03   1.2997570e+03   2.2630210e+01   2.7835650e+01
   1.3893230e+00   3.6638020e+00   1.4494790e+00   2.5638020e+00   4.9305560e+03   3.4965280e+03   4.2687090e+03   3.4548610e+00   2.4823300e+03   3.8099310e+03   2.4635420e+01   2.6736110e+01
   1.3635420e+00   3.6638020e+00   1.4494790e+00   1.9106770e+00   4.5989580e+03   3.5677080e+03   4.4538540e+03   3.4548610e+00   2.5200000e+03   1.1585420e+03   2.4635420e+01   2.0023150e+01
   1.3635420e+00   3.6666670e+00   1.4494790e+00   1.9020830e+00   4.5746530e+03   3.6232640e+03   4.4071360e+03   3.4548610e+00   2.5297090e+03   2.9828130e+03   2.5380210e+01   2.9050930e+01
   1.8161460e+00   3.6638020e+00   2.1656250e+00   1.5955730e+00   4.6163190e+03   3.5781250e+03   4.3085070e+03   6.9097220e+00   2.5786410e+03   3.0836810e+03   2.5380210e+01   2.7025470e+01
   1.3635420e+00   3.6638020e+00   1.4494790e+00   2.5494790e+00   4.3836810e+03   3.4930550e+03   4.2998550e+03   3.4548610e+00   2.6081550e+03   3.2133680e+03   2.3460940e+01   2.8182870e+01
   1.8161460e+00   3.6666670e+00   1.4580730e+00   2.5466140e+00   4.4010420e+03   3.5659720e+03   4.1112500e+03   6.9097220e+00   2.9234950e+03   3.8301040e+03   2.3403650e+01   2.6273150e+01
   1.8218750e+00   3.6638020e+00   1.4580730e+00   1.9221350e+00   3.8541670e+03   3.4756940e+03   3.9953180e+03   6.9097220e+00   2.9409710e+03   3.5073260e+03   2.1398440e+01   2.7025470e+01
   1.8247390e+00   3.6666670e+00   2.1770830e+00   2.2401040e+00   4.2187500e+03   3.2708330e+03   4.0766440e+03   3.4548610e+00   2.6244660e+03   3.8675700e+03   2.1398440e+01   2.9918980e+01
   1.8218750e+00   3.6809900e+00   2.1770830e+00   2.7958330e+00   4.7343750e+03   3.3541670e+03   4.2496760e+03   3.4548610e+00   3.0535920e+03   3.6946530e+03   2.1455730e+01   2.3726850e+01
   1.8218750e+00   3.6809900e+00   2.1770830e+00   2.5609370e+00   4.8298610e+03   3.3524300e+03   4.4625060e+03   3.4548610e+00   3.8834950e+00   3.7321180e+03   2.1398440e+01   2.5578700e+01
   2.2888020e+00   3.6809900e+00   1.4580730e+00   2.5609370e+00   5.3975690e+03   3.5590280e+03   5.0023670e+03   3.4548610e+00   1.4656310e+03   3.1759030e+03   1.7044270e+01   2.3263890e+01
   2.2888020e+00   3.6809900e+00   1.4638020e+00   2.8932290e+00   5.1041670e+03   3.8211800e+03   4.8206830e+03   3.4548610e+00   2.6737860e+03   3.8819790e+03   1.7044270e+01   2.4537040e+01
   2.2973960e+00   3.6981770e+00   2.1885420e+00   4.2223960e+00   4.6111110e+03   3.7534720e+03   4.5178760e+03   6.9097220e+00   3.5611650e+02   5.7062500e+03   1.7817710e+01   2.6562500e+01
   1.8476560e+00   3.6953130e+00   2.1885420e+00   3.1338540e+00   4.5086810e+03   3.7013890e+03   4.3898320e+03   3.4548610e+00   2.5161160e+03   1.8329170e+03   1.7817710e+01   3.1770830e+01
   1.8505210e+00   3.6953130e+00   2.1971350e+00   3.5291670e+00   4.7760420e+03   3.6753470e+03   4.3188890e+03   3.4548610e+00   2.5269900e+03   2.3689580e+03   2.1828130e+01   3.0208330e+01
   1.8505210e+00   3.7125000e+00   2.1971350e+00   3.2197920e+00   4.7951390e+03   3.6788200e+03   4.6441900e+03   6.9097220e+00   6.9669900e+02   1.1498960e+03   2.1828130e+01   2.7256940e+01
   2.0109370e+00   3.7296870e+00   2.1971350e+00   2.8960940e+00   5.2986110e+03   3.8177080e+03   4.8777840e+03   3.4548610e+00   2.4392230e+03   1.3545140e+03   2.1885420e+01   2.5578700e+01
   2.2973960e+00   3.7296870e+00   2.1971350e+00   2.2171870e+00   3.8871530e+03   3.8923610e+03   4.2219910e+03   3.4548610e+00   2.3475730e+03   3.9050350e+03   2.1885420e+01   3.0381940e+01
   1.8476560e+00   3.7296870e+00   2.2028640e+00   1.9479170e+00   3.9826390e+03   3.4357640e+03   3.9970490e+03   3.4548610e+00   4.9700970e+03   2.7493750e+03   2.1598960e+01   3.6226850e+01
   1.8591150e+00   3.7125000e+00   2.2028640e+00   1.9393230e+00   3.8524310e+03   3.2118050e+03   3.9364870e+03   3.4548610e+00   2.3774760e+03   1.6744100e+03   2.1598960e+01   2.8877320e+01
   1.8591150e+00   3.7296870e+00   2.2085940e+00   2.6268230e+00   4.1145830e+03   3.2899310e+03   3.9832060e+03   3.4548610e+00   2.2978640e+03   3.9511460e+03   2.4177080e+01   2.8182870e+01
   1.8591150e+00   3.7497390e+00   2.2200520e+00   2.2744790e+00   4.0017360e+03   3.2065970e+03   4.4538540e+03   3.4548610e+00   5.0485430e+03   3.8243400e+03   2.4177080e+01   4.0856480e+01
   1.8591150e+00   3.7497390e+00   2.2200520e+00   2.2888020e+00   4.4739580e+03   3.2187500e+03   4.4711570e+03   3.4548610e+00   2.2594170e+03   2.8848260e+03   2.8388020e+01   3.9467590e+01
   1.8591150e+00   3.7497390e+00   2.2200520e+00   2.7356770e+00   4.3385420e+03   3.4531250e+03   4.5265280e+03   3.4548610e+00   4.9600000e+03   3.8358680e+03   2.8388020e+01   3.0902780e+01
   1.8591150e+00   3.7497390e+00   2.2200520e+00   2.9218750e+00   4.4357640e+03   3.2829860e+03   4.4019440e+03   3.4548610e+00   2.3231070e+03   3.8790970e+03   3.1854170e+01   3.4375000e+01
   1.8677080e+00   3.7497390e+00   2.2200520e+00   4.2223960e+00   5.2690970e+03   3.2621530e+03   4.8656710e+03   3.4548610e+00   2.3060190e+03   1.4121530e+03   3.1854170e+01   3.3101850e+01
   1.8591150e+00   3.7497390e+00   2.2200520e+00   4.0992180e+00   4.3420140e+03   3.5833330e+03   4.7739640e+03   3.4548610e+00   4.9728150e+03   3.8473960e+03   3.3716150e+01   3.9062500e+01
   1.8619790e+00   3.7640620e+00   2.9562500e+00   4.1135420e+00   4.2361110e+03   3.4114580e+03   4.2029570e+03   3.4548610e+00   4.9359220e+03   3.9511460e+03   3.3716150e+01   3.2523150e+01
   2.3317710e+00   3.7497390e+00   3.6924480e+00   3.9101560e+00   3.9340280e+03   3.0295140e+03   3.9382180e+03   6.9097220e+00   4.2718440e+00   5.9627430e+03   2.0338540e+01   4.3692130e+01
   3.2627600e+00   3.7497390e+00   2.9562500e+00   2.8531250e+00   5.0434030e+03   3.0590280e+03   4.5057640e+03   3.4548610e+00   3.0749510e+03   3.6081940e+03   2.0338540e+01   3.5243050e+01
   3.2484370e+00   3.7440100e+00   3.6924480e+00   3.1567710e+00   4.7204860e+03   3.4930550e+03   4.6268870e+03   3.4548610e+00   3.0718440e+03   6.0000000e+03   4.9757820e+01   3.2349540e+01
   3.7067710e+00   3.7296870e+00   2.9562500e+00   3.2484370e+00   4.4913190e+03   3.4809030e+03   4.4936520e+03   3.4548610e+00   3.0388350e+03   5.2047920e+03   4.9757820e+01   3.4490740e+01
   4.1708330e+00   4.1020830e+00   2.9419270e+00   3.2427080e+00   3.6718750e+03   3.3506950e+03   4.4659660e+03   3.4548610e+00   3.0198060e+03   3.5649650e+03   1.9020830e+01   2.8645830e+01
   3.7096350e+00   4.0848960e+00   2.9419270e+00   3.2341140e+00   4.5034720e+03   3.3350690e+03   4.4382810e+03   3.4548610e+00   3.0155340e+03   3.9886110e+03   1.9020830e+01   2.2858800e+01
   3.2283850e+00   4.1020830e+00   2.9419270e+00   3.5520830e+00   4.4652780e+03   3.4131940e+03   4.3621470e+03   3.4548610e+00   2.9930100e+03   4.2105210e+03   1.7588540e+01   1.3136570e+01
   3.2226560e+00   4.1020830e+00   3.6723950e+00   5.4856770e+00   4.3854170e+03   3.4270830e+03   4.3413830e+03   3.4548610e+00   2.9359220e+03   5.0578130e+03   1.7588540e+01   3.1655090e+01
   3.6867190e+00   4.1020830e+00   3.6781250e+00   4.8440100e+00   4.4861110e+03   3.3750000e+03   4.3707990e+03   3.4548610e+00   2.8489320e+03   3.3459380e+03   2.5494790e+01   2.6736110e+01
   3.6924480e+00   4.4544270e+00   3.1940100e+00   4.4859370e+00   4.8177080e+03   3.5052080e+03   4.4538540e+03   3.4548610e+00   2.5126210e+03   2.4755900e+03   2.5523440e+01   1.9328700e+01
   2.7700520e+00   4.1020830e+00   2.9419270e+00   3.2341140e+00   4.8368060e+03   3.5329860e+03   4.5403710e+03   3.4548610e+00   2.7044660e+03   3.0836810e+03   1.9908850e+01   2.6736110e+01
   3.2283850e+00   4.1020830e+00   2.9419270e+00   3.8958330e+00   4.5920140e+03   3.5486110e+03   4.4071360e+03   3.4548610e+00   2.9930100e+03   5.7782990e+03   1.9937500e+01   2.2627320e+01
   3.2283850e+00   3.7296870e+00   2.2085940e+00   4.2166670e+00   4.5781250e+03   3.5156250e+03   4.2912040e+03   3.4548610e+00   2.9347570e+03   5.1413890e+03   1.8333330e+01   1.8923610e+01
   3.2484370e+00   3.7296870e+00   2.9419270e+00   4.5317710e+00   4.2187500e+03   3.4843750e+03   4.1112500e+03   6.9097220e+00   2.9137860e+03   5.2336110e+03   1.8333330e+01   2.2337960e+01
   2.7815100e+00   3.7296870e+00   2.2085940e+00   4.2023430e+00   3.9513890e+03   3.4375000e+03   4.2756310e+03   3.4548610e+00   2.9009710e+03   4.8387850e+03   1.9479170e+01   2.2280090e+01
   2.7700520e+00   3.7296870e+00   2.2200520e+00   4.2309890e+00   4.4722220e+03   3.3888890e+03   4.2687090e+03   3.4548610e+00   2.8955340e+03   3.1701390e+03   1.9479170e+01   2.6273150e+01
   2.7700520e+00   3.7440100e+00   2.9562500e+00   4.6406250e+00   4.1302080e+03   3.3628470e+03   4.3258100e+03   3.4548610e+00   2.8695140e+03   3.9770830e+03   2.1656250e+01   3.7037040e+01
   2.7700520e+00   3.7354160e+00   2.9562500e+00   4.2109370e+00   4.5086810e+03   3.4652780e+03   4.3777200e+03   3.4548610e+00   2.8434950e+03   3.8070490e+03   2.1656250e+01   1.8518520e+01
   2.7700520e+00   3.7296870e+00   2.2200520e+00   3.5692710e+00   4.1006940e+03   3.4479170e+03   4.2756310e+03   3.4548610e+00   2.8745630e+03   4.1701740e+03   1.9078130e+01   2.3668980e+01
   2.7700520e+00   3.7296870e+00   2.2200520e+00   3.8843750e+00   4.3489580e+03   3.4461800e+03   4.2202610e+03   6.9097220e+00   2.8687380e+03   3.4640970e+03   1.9078130e+01   2.1643520e+01
   2.7700520e+00   3.7296870e+00   2.9562500e+00   3.5492190e+00   4.5815970e+03   3.4756940e+03   4.1977660e+03   6.9097220e+00   2.8015530e+03   3.4468050e+03   1.9908850e+01   2.8414350e+01
   2.7700520e+00   3.7296870e+00   2.2200520e+00   4.2367190e+00   4.7239580e+03   3.4444450e+03   4.3240800e+03   6.9097220e+00   2.7417480e+03   3.7926390e+03   1.9908850e+01   2.6099530e+01
   3.2283850e+00   3.7296870e+00   2.2200520e+00   3.9101560e+00   4.8420140e+03   3.5225690e+03   4.3932930e+03   3.4548610e+00   2.9669900e+02   1.1527780e+03   2.1169270e+01   2.0370370e+01
   3.2283850e+00   3.7296870e+00   3.6924480e+00   3.9216140e+00   5.1927080e+03   3.5538190e+03   4.7705030e+03   3.4548610e+00   2.8982520e+03   3.1297920e+03   2.1169270e+01   2.9224530e+01
   4.1507810e+00   4.1020830e+00   5.1619790e+00   4.2166670e+00   4.6284720e+03   3.7621530e+03   4.3794500e+03   3.4548610e+00   2.9083490e+03   3.4266320e+03   2.0911460e+01   2.8298610e+01
   5.5315100e+00   4.0848960e+00   5.8723960e+00   3.5692710e+00   4.4479170e+03   3.5659720e+03   4.1545080e+03   3.4548610e+00   2.9374760e+03   3.7926390e+03   2.0911460e+01   1.9965280e+01
   5.5315100e+00   3.7125000e+00   3.6723950e+00   3.2541670e+00   4.4201390e+03   3.4479170e+03   4.0524190e+03   3.4548610e+00   2.9192230e+03   3.2969440e+03   2.1341150e+01   1.9328700e+01
   4.5890620e+00   3.7239580e+00   4.3856770e+00   3.5520830e+00   4.2118060e+03   3.4982640e+03   4.0593400e+03   3.4548610e+00   2.8932040e+03   4.3229170e+03   2.1341150e+01   2.7025470e+01
   5.0445310e+00   4.0677080e+00   4.3856770e+00   3.7669270e+00   4.5677080e+03   3.5138890e+03   4.1631600e+03   3.4548610e+00   2.8970870e+03   4.5851740e+03   2.2257810e+01   1.9039350e+01
   5.0187500e+00   4.0447910e+00   5.1161460e+00   3.5234380e+00   4.4357640e+03   3.4305560e+03   4.2289120e+03   3.4548610e+00   2.8932040e+03   3.1989580e+03   2.2257810e+01   2.5231480e+01
   4.5661450e+00   4.4114580e+00   5.0903640e+00   3.1052080e+00   4.6250000e+03   3.4201390e+03   4.4642360e+03   3.4548610e+00   2.8535920e+03   4.2537500e+03   1.5927080e+01   3.5821760e+01
   4.5661450e+00   4.7809900e+00   6.5427080e+00   3.8643230e+00   4.7604170e+03   3.5954860e+03   4.2427540e+03   3.4548610e+00   2.8073790e+03   3.9482640e+03   1.5927080e+01   3.7557870e+01
   3.6523440e+00   4.7809900e+00   5.8151040e+00   3.1997390e+00   4.7829860e+03   3.6041670e+03   4.1596990e+03   3.4548610e+00   4.5203880e+02   3.7955210e+03   2.2773440e+01   3.0787030e+01
   3.1825520e+00   4.4114580e+00   4.3656250e+00   4.1565100e+00   6.0000000e+03   3.6319450e+03   4.9400750e+03   3.4548610e+00   3.8834950e+00   5.4756950e+02   2.2773440e+01   3.0092590e+01
   3.1825520e+00   4.0447910e+00   3.6380210e+00   3.2427080e+00   6.0000000e+03   3.9184030e+03   5.3449710e+03   3.4548610e+00   3.1067960e+00   1.1585420e+03   4.5546880e+01   2.3379630e+01
   3.6351560e+00   4.0447910e+00   3.6236980e+00   3.5205730e+00   5.1562500e+03   4.3871530e+03   4.7532000e+03   3.4548610e+00   2.5099030e+03   1.3429860e+03   4.5546880e+01   3.0671300e+01
   4.0705730e+00   4.0447910e+00   3.6236980e+00   3.5205730e+00   4.0989580e+03   4.2222220e+03   3.9036110e+03   3.4548610e+00   2.6221360e+03   3.5447920e+03   2.5236980e+01   3.0729170e+01
   4.0934900e+00   4.0505200e+00   3.6236980e+00   3.1997390e+00   4.1684030e+03   3.5763890e+03   3.5419730e+03   3.4548610e+00   2.9809710e+03   3.7926390e+03   2.5236980e+01   3.5937500e+01
   4.0934900e+00   4.0447910e+00   3.6236980e+00   4.1679690e+00   4.2534720e+03   3.5104170e+03   3.5852310e+03   3.4548610e+00   2.8601940e+03   5.5880900e+03   2.3088540e+01   3.0960650e+01
   4.1106770e+00   4.0447910e+00   3.6380210e+00   2.9763020e+00   3.9618050e+03   3.4913200e+03   3.8672740e+03   3.4548610e+00   2.8217480e+03   3.7868750e+03   2.3088540e+01   2.8587970e+01
   4.1106770e+00   4.0447910e+00   2.9132810e+00   2.8789060e+00   4.7777780e+03   3.4496530e+03   4.1735420e+03   6.9097220e+00   2.6939800e+03   3.7811110e+03   2.5093750e+01   3.1481480e+01
   4.1106770e+00   3.6953130e+00   3.6380210e+00   2.8817710e+00   5.0902780e+03   3.5920140e+03   4.4452030e+03   6.9097220e+00   2.2699030e+03   2.8934720e+03   2.5093750e+01   2.9571760e+01
   3.6380210e+00   3.6981770e+00   2.9132810e+00   3.8414060e+00   5.1857640e+03   3.7534720e+03   4.1164410e+03   3.4548610e+00   2.3766990e+03   3.3171180e+03   2.4234380e+01   3.4548610e+01
   3.6380210e+00   3.6838540e+00   3.6408850e+00   4.1593750e+00   4.9045140e+03   3.8229170e+03   4.3604170e+03   3.4548610e+00   2.3899030e+03   1.7061110e+03   2.4234380e+01   1.6435180e+01
   3.3830730e+00   3.6809900e+00   2.9104170e+00   3.8958330e+00   4.6197920e+03   3.7690970e+03   4.0160820e+03   6.9097220e+00   4.8951460e+03   3.8358680e+03   2.6984380e+01   2.8067130e+01
   3.6552080e+00   3.6809900e+00   2.9132810e+00   4.5002600e+00   3.9062500e+03   3.4097220e+03   3.6354110e+03   3.4548610e+00   4.7343690e+03   3.8502780e+03   2.6984380e+01   3.8136570e+01
   3.6552080e+00   3.6809900e+00   2.9132810e+00   3.6007810e+00   3.7760420e+03   3.1631950e+03   3.9278360e+03   6.9097220e+00   3.9533980e+02   3.7811110e+03   9.9000000e+01   4.0856480e+01
   4.5690100e+00   4.0447910e+00   5.0903640e+00   2.5265620e+00   5.5208330e+03   3.4027780e+03   4.7410880e+03   3.4548610e+00   3.0380580e+03   3.7811110e+03   9.9000000e+01   3.8773150e+01
   4.5432290e+00   4.0648440e+00   4.3656250e+00   2.9190100e+00   4.7934030e+03   3.8715280e+03   4.4971120e+03   3.4548610e+00   2.9557280e+03   4.4583680e+03   3.1854170e+01   3.4664350e+01
   4.9986980e+00   4.0447910e+00   5.0674480e+00   3.5807290e+00   4.8298610e+03   3.6267360e+03   4.2929340e+03   3.4548610e+00   2.9840780e+03   4.4295490e+03   3.1854170e+01   3.2349540e+01
   4.5088540e+00   4.0505200e+00   4.3427080e+00   3.5205730e+00   4.3611110e+03   3.5677080e+03   3.9832060e+03   3.4548610e+00   2.9685440e+03   4.3978470e+03   3.5062500e+01   3.0034720e+01
   6.8091140e+00   4.3942710e+00   6.5083330e+00   3.5205730e+00   3.9218750e+03   3.5590280e+03   3.7184660e+03   3.4548610e+00   2.9766990e+03   4.3575000e+03   3.5062500e+01   2.8645830e+01
   4.5432290e+00   4.0304680e+00   5.0674480e+00   4.0419270e+00   4.1684030e+03   3.4097220e+03   3.7703760e+03   3.4548610e+00   2.9351460e+03   4.2623960e+03   2.8216140e+01   3.0729170e+01
   4.0877600e+00   4.0276040e+00   4.3427080e+00   3.6351560e+00   4.5954860e+03   3.4322920e+03   3.9105320e+03   3.4548610e+00   2.4361160e+03   2.2075700e+03   2.8216140e+01   3.2696760e+01
   4.5231770e+00   4.0276040e+00   3.6236980e+00   2.8674480e+00   3.9704860e+03   3.3611110e+03   3.9191840e+03   3.4548610e+00   3.1017480e+03   4.1701740e+03   2.6984380e+01   2.6331020e+01
   4.5231770e+00   4.0304680e+00   3.6065100e+00   2.8674480e+00   4.7864580e+03   3.4305560e+03   3.9987790e+03   6.9097220e+00   3.0601940e+03   3.6917710e+03   2.6984380e+01   3.5706020e+01
   4.0705730e+00   4.0276040e+00   3.6065100e+00   3.4804690e+00   5.3940970e+03   3.4670140e+03   4.8604800e+03   3.4548610e+00   3.0609710e+03   4.9915280e+03   2.8903640e+01   2.4652780e+01
   4.0705730e+00   4.0276040e+00   3.6065100e+00   3.8213540e+00   4.8385420e+03   3.8281250e+03   4.5455620e+03   3.4548610e+00   3.0217480e+03   4.9338890e+03   2.8903640e+01   2.3726850e+01
   4.0705730e+00   4.0276040e+00   3.6065100e+00   4.4286460e+00   4.5381940e+03   3.6822920e+03   4.3240800e+03   3.4548610e+00   2.9953400e+03   3.5851390e+03   2.7929690e+01   2.6331020e+01
   3.6208330e+00   3.6638020e+00   3.6007810e+00   4.1736980e+00   4.5954860e+03   3.5312500e+03   4.1112500e+03   3.4548610e+00   3.0563110e+03   3.5592010e+03   2.7929690e+01   2.2627320e+01
   3.6208330e+00   4.0304680e+00   3.6065100e+00   4.7695310e+00   4.4774310e+03   3.5520830e+03   4.0576100e+03   3.4548610e+00   2.4034950e+03   3.5044440e+03   2.7500000e+01   1.8750000e+01
   3.6208330e+00   3.6666670e+00   2.8846350e+00   3.8213540e+00   4.8993060e+03   3.6197920e+03   4.2860130e+03   3.4548610e+00   4.4613590e+03   1.8588540e+03   2.7500000e+01   2.1817130e+01
   3.6208330e+00   3.6638020e+00   2.8846350e+00   2.6468750e+00   4.9687500e+03   3.6822920e+03   4.3586870e+03   3.4548610e+00   3.1165050e+03   2.0461810e+03   1.8906250e+01   1.9386570e+01
   3.6208330e+00   3.6638020e+00   2.8846350e+00   2.7328120e+00   4.7239580e+03   3.7569440e+03   4.1614290e+03   3.4548610e+00   3.0209710e+03   3.5303820e+03   1.8906250e+01   2.1643520e+01
   3.6208330e+00   3.6638020e+00   2.8846350e+00   2.8703120e+00   4.5260420e+03   3.6788200e+03   4.1856540e+03   3.4548610e+00   2.5293200e+03   1.4236810e+03   2.7270830e+01   1.9675930e+01
   3.6208330e+00   3.6580730e+00   2.8846350e+00   3.6523440e+00   4.7430560e+03   3.6354170e+03   4.2392940e+03   3.4548610e+00   2.6159220e+03   2.6081600e+03   2.7270830e+01   1.8460650e+01
   3.6208330e+00   3.6638020e+00   2.8846350e+00   3.4403640e+00   4.7083330e+03   3.7621530e+03   4.1977660e+03   3.4548610e+00   2.6330100e+03   2.2075700e+03   2.7414060e+01   2.0312500e+01
   3.6208330e+00   3.6552080e+00   2.8846350e+00   3.8213540e+00   4.7638890e+03   3.7604170e+03   4.1389350e+03   6.9097220e+00   2.6675730e+03   2.7003820e+03   2.7414060e+01   2.0312500e+01
   3.6208330e+00   3.6523440e+00   2.8846350e+00   3.5005210e+00   4.8958330e+03   3.7100690e+03   4.1718120e+03   3.4548610e+00   2.6613590e+03   2.6975000e+03   2.6984380e+01   1.9618060e+01
   3.6208330e+00   3.6494790e+00   2.8846350e+00   3.1854160e+00   4.6163190e+03   3.6493060e+03   4.0178130e+03   3.4548610e+00   2.6493200e+03   1.4467360e+03   2.6984380e+01   2.0254630e+01
   3.6208330e+00   3.6494790e+00   2.8846350e+00   3.4976560e+00   4.4826390e+03   3.6145830e+03   4.0385760e+03   3.4548610e+00   2.6885440e+03   1.4611460e+03   2.8130210e+01   2.0081020e+01
   3.6208330e+00   3.6494790e+00   2.8846350e+00   3.5005210e+00   4.5468750e+03   3.6232640e+03   4.0126210e+03   3.4548610e+00   2.6866020e+03   2.7407290e+03   2.8130210e+01   2.5462970e+01
   4.0533850e+00   4.0104170e+00   3.6065100e+00   3.5377600e+00   4.4947920e+03   3.6093750e+03   4.0662620e+03   3.4548610e+00   2.9976700e+03   3.9338540e+03   2.7356770e+01   2.5868060e+01
   3.6208330e+00   3.6494790e+00   3.6065100e+00   3.7554690e+00   4.3524310e+03   3.5451390e+03   3.9572510e+03   6.9097220e+00   2.6726210e+03   5.5016320e+03   2.7356770e+01   2.5578700e+01
   4.0705730e+00   3.6494790e+00   2.8846350e+00   4.0734370e+00   4.1059030e+03   3.4809030e+03   4.0489580e+03   6.9097220e+00   2.7821360e+03   3.6427780e+03   2.6669270e+01   1.6840280e+01
   4.0705730e+00   3.6494790e+00   3.6065100e+00   3.8270830e+00   4.6215280e+03   3.4722220e+03   4.2150690e+03   3.4548610e+00   2.7572810e+03   4.6543400e+03   2.6669270e+01   2.2858800e+01
   4.0705730e+00   3.6494790e+00   3.6065100e+00   4.4515620e+00   4.4184030e+03   3.5104170e+03   4.3033160e+03   3.4548610e+00   2.7153400e+03   4.4958330e+03   2.7184890e+01   2.3206020e+01
   4.0705730e+00   3.6494790e+00   3.6065100e+00   4.1364580e+00   4.0225690e+03   3.5069440e+03   4.3258100e+03   3.4548610e+00   2.6434950e+03   3.8301040e+03   2.7184890e+01   2.1701390e+01
   4.0705730e+00   4.0218750e+00   3.6007810e+00   4.0934900e+00   4.8281250e+03   3.5711810e+03   4.2202610e+03   6.9097220e+00   2.6481550e+03   3.9252080e+03   2.5265630e+01   2.0543980e+01
   3.6208330e+00   3.6552080e+00   3.6065100e+00   3.8156250e+00   4.7256940e+03   3.5000000e+03   4.3258100e+03   3.4548610e+00   2.5328150e+03   5.5102770e+03   2.5265630e+01   1.9328700e+01
   3.6208330e+00   3.6494790e+00   3.6065100e+00   3.7583330e+00   5.0000000e+03   3.5972220e+03   4.3638770e+03   3.4548610e+00   5.0485430e+00   1.1815970e+03   2.6039060e+01   1.9965280e+01
   3.6208330e+00   3.6494790e+00   2.8846350e+00   4.1135420e+00   6.0000000e+03   3.6718750e+03   4.6718750e+03   3.4548610e+00   3.8834950e+00   4.0635420e+02   2.5981770e+01   2.0312500e+01
   3.6007810e+00   3.6494790e+00   2.8846350e+00   3.9101560e+00   5.0763890e+03   4.0694440e+03   4.6113130e+03   3.4548610e+00   2.4431070e+03   4.2796880e+03   4.7580730e+01   2.0312500e+01
   3.6007810e+00   3.6666670e+00   2.8846350e+00   4.4572920e+00   4.4357640e+03   4.0017360e+03   3.9814760e+03   3.4548610e+00   2.4112620e+03   4.0203130e+03   4.7580730e+01   2.9745370e+01
   3.6208330e+00   3.6494790e+00   2.8846350e+00   3.7984370e+00   4.3506940e+03   3.5746530e+03   3.8517010e+03   3.4548610e+00   2.1001940e+03   4.1413540e+03   2.7500000e+01   2.6736110e+01
   3.6208330e+00   3.6809900e+00   3.6065100e+00   3.3687500e+00   4.2204860e+03   3.4670140e+03   3.7375000e+03   6.9097220e+00   4.7654370e+03   3.3718750e+03   2.7500000e+01   1.8171300e+01
   3.6208330e+00   3.6638020e+00   2.8846350e+00   4.4315100e+00   4.3125000e+03   3.4357640e+03   3.7305790e+03   3.4548610e+00   4.3681550e+03   3.8070490e+03   1.6643230e+01   2.4305560e+01
   3.6208330e+00   3.6638020e+00   2.8846350e+00   3.5005210e+00   4.5399310e+03   3.3142360e+03   4.0852950e+03   3.4548610e+00   2.3642720e+03   2.1643400e+03   1.6643230e+01   2.5983800e+01
   3.6208330e+00   3.6666670e+00   2.8960940e+00   3.5979170e+00   4.4635420e+03   3.3663190e+03   4.0558790e+03   6.9097220e+00   2.4897090e+03   5.7350690e+03   1.5927080e+01   2.7141200e+01
   3.6208330e+00   3.6638020e+00   3.6208330e+00   4.4515620e+00   4.6111110e+03   3.3940970e+03   4.3950230e+03   3.4548610e+00   2.5728150e+03   3.2306600e+03   1.5927080e+01   2.6273150e+01
   3.6208330e+00   3.6666670e+00   3.6236980e+00   4.0963540e+00   4.9375000e+03   3.4670140e+03   4.5005730e+03   3.4548610e+00   3.8834950e+00   1.3285760e+03   2.6984380e+01   2.4305560e+01
   3.6208330e+00   3.6638020e+00   2.8989580e+00   4.9299480e+00   6.0000000e+03   3.5781250e+03   5.5560710e+03   3.4548610e+00   1.8939810e+03   3.7465280e+02   2.6984380e+01   1.8750000e+01
   3.6208330e+00   3.6638020e+00   3.6236980e+00   5.0903640e+00   6.0000000e+03   3.9531250e+03   5.5560710e+03   6.9097220e+00   5.4368930e+00   1.4755560e+03   3.9703130e+01   1.7013890e+01
   3.6208330e+00   3.6638020e+00   4.3226560e+00   4.4601560e+00   4.8975690e+03   4.3263890e+03   4.5438310e+03   3.4548610e+00   2.4275730e+03   1.2421180e+03   3.9703130e+01   1.4872690e+01
   3.6208330e+00   3.6638020e+00   3.6065100e+00   5.0960930e+00   4.1649310e+03   3.9166670e+03   3.9607120e+03   3.4548610e+00   2.4625240e+03   2.8502430e+03   2.5752600e+01   1.3715280e+01
   3.6208330e+00   3.6638020e+00   3.6065100e+00   4.7236980e+00   3.8281250e+03   3.4722220e+03   3.4641090e+03   6.9097220e+00   2.6613590e+03   4.9338890e+03   2.5752600e+01   1.9444440e+01
   4.0934900e+00   3.6638020e+00   3.6208330e+00   3.8242190e+00   3.9652780e+03   3.2934030e+03   2.5816440e+03   3.4548610e+00   5.1510680e+03   5.6889580e+03   2.5695310e+01   1.7361110e+01
   4.1307290e+00   3.8929680e+00   1.4322900e-02   3.5062500e+00   4.0989580e+03   3.1666670e+03   3.7219270e+03   3.4548610e+00   4.9087380e+03   6.0000000e+03   2.5695310e+01   3.2118050e+01
   5.0473960e+00   4.0447910e+00   3.6380210e+00   3.1911460e+00   4.8906250e+03   3.1371530e+03   4.2583280e+03   3.4548610e+00   5.8252430e+00   1.1787150e+03   8.1669270e+01   4.0625000e+01
   5.4828120e+00   4.0648440e+00   4.3656250e+00   3.8213540e+00   5.9670140e+03   3.2586800e+03   5.3847690e+03   3.4548610e+00   4.2718440e+00   2.1211110e+03   8.1669270e+01   4.1956020e+01
   8.1755210e+00   4.4315100e+00   6.5341140e+00   6.0442710e+00   6.0000000e+03   3.8836810e+03   5.4262960e+03   3.4548610e+00   2.2776700e+03   1.4582640e+03   9.9000000e+01   4.1493050e+01
   9.4932290e+00   4.4114580e+00   9.9000000e+00   6.6458330e+00   6.0000000e+03   4.1354170e+03   5.4885880e+03   3.4548610e+00   2.0097090e+03   1.4870830e+03   9.9000000e+01   4.0914350e+01
   8.5851550e+00   4.4114580e+00   9.9000000e+00   4.7752600e+00   4.9392360e+03   4.2708330e+03   4.9296930e+03   3.4548610e+00   2.3506800e+03   3.3978130e+03   4.7809890e+01   8.3333340e+00
   7.2330720e+00   4.3742190e+00   8.5937500e+00   4.7723960e+00   3.1371530e+03   4.0173610e+03   3.9018810e+03   3.4548610e+00   2.5122330e+03   2.8646530e+03   4.7809890e+01   2.6909720e+01
   6.3593750e+00   4.3742190e+00   7.1614580e+00   5.1763020e+00   3.7777780e+03   3.5972220e+03   4.7237850e+03   3.4548610e+00   2.5324270e+03   4.1327080e+03   3.4661460e+01   2.2974540e+01
   4.9986980e+00   4.0161460e+00   6.4768220e+00   4.5088540e+00   4.0625000e+03   3.4635420e+03   3.6873210e+03   3.4548610e+00   3.4951460e+00   3.3978130e+03   3.4690110e+01   1.2268520e+01
   4.9986980e+00   4.0304680e+00   5.7578120e+00   4.1135420e+00   5.2274310e+03   3.5694440e+03   4.3379220e+03   3.4548610e+00   2.4431070e+03   1.1239580e+03   2.9619790e+01   4.9768520e+00
   4.9729170e+00   4.0447910e+00   5.0388020e+00   4.4372390e+00   4.4687500e+03   3.7065970e+03   4.4573150e+03   3.4548610e+00   2.4788350e+03   3.9597920e+03   2.9619790e+01   1.9675930e+01
   4.9729170e+00   4.0447910e+00   5.0416670e+00   3.8013020e+00   4.4166670e+03   3.6493060e+03   4.3552260e+03   6.9097220e+00   2.4714560e+03   3.2537150e+03   2.9390630e+01   1.8460650e+01
   4.9986980e+00   3.6666670e+00   3.6007810e+00   4.4257810e+00   4.5486110e+03   3.5190970e+03   4.2462150e+03   3.4548610e+00   2.5293200e+03   3.8733330e+03   2.9390630e+01   1.8229170e+01
   4.0877600e+00   4.0276040e+00   5.7578120e+00   5.0989580e+00   4.7812500e+03   3.5312500e+03   4.3067770e+03   3.4548610e+00   2.4842720e+03   3.2335420e+03   2.6239580e+01   2.5231480e+01
   4.5432290e+00   4.0505200e+00   3.6007810e+00   5.1533850e+00   4.7552080e+03   3.5694440e+03   4.3188890e+03   3.4548610e+00   2.4058250e+03   3.8387500e+03   2.6268230e+01   2.8009260e+01
   4.5460930e+00   4.0505200e+00   5.7578120e+00   5.0531250e+00   4.5937500e+03   3.5746530e+03   4.2496760e+03   3.4548610e+00   2.3471840e+03   3.3171180e+03   2.4062500e+01   2.2627320e+01
   4.9986980e+00   4.0505200e+00   5.0388020e+00   4.7752600e+00   4.5399310e+03   3.6631940e+03   4.3984840e+03   3.4548610e+00   2.2675730e+03   1.2277080e+03   2.4062500e+01   2.5405090e+01
   4.9986980e+00   4.0447910e+00   4.3226560e+00   5.0903640e+00   4.0694440e+03   3.6215280e+03   4.2929340e+03   6.9097220e+00   2.3576700e+03   3.2335420e+03   2.5953130e+01   2.9918980e+01
   4.0705730e+00   4.0304680e+00   4.3226560e+00   4.8039060e+00   4.4010420e+03   3.6440970e+03   4.3431130e+03   3.4548610e+00   2.4120390e+03   3.2306600e+03   2.5953130e+01   1.3657410e+01
   4.5231770e+00   4.0276040e+00   4.3226560e+00   5.0846350e+00   4.5503470e+03   3.6059030e+03   4.1199020e+03   3.4548610e+00   3.4951460e+00   3.7350000e+03   2.2085940e+01   2.2280090e+01
   4.5231770e+00   4.0276040e+00   4.3226560e+00   4.7752600e+00   5.9496530e+03   3.5086810e+03   4.6787960e+03   3.4548610e+00   1.7805830e+03   1.0000350e+03   2.2114580e+01   1.5625000e+01
   4.5231770e+00   4.0276040e+00   4.3226560e+00   4.8526040e+00   4.3072920e+03   3.8402780e+03   4.1804630e+03   3.4548610e+00   2.6333980e+03   3.8099310e+03   2.4520830e+01   1.3715280e+01
   4.9757810e+00   4.0276040e+00   3.6007810e+00   5.2135420e+00   4.3645830e+03   3.6145830e+03   4.1337440e+03   3.4548610e+00   2.5840780e+03   3.8618060e+03   2.4520830e+01   1.9039350e+01
   5.3997390e+00   4.0276040e+00   9.3528640e+00   5.4971350e+00   4.7031250e+03   3.5000000e+03   4.1735420e+03   3.4548610e+00   9.2427190e+02   3.2681250e+03   2.0481770e+01   1.7361110e+01
   6.2992180e+00   4.3742190e+00   6.4768220e+00   5.4111980e+00   4.6423610e+03   3.5711810e+03   4.3967530e+03   3.4548610e+00   5.1215530e+03   3.9079170e+03   2.0481770e+01   1.7303240e+01
   8.5479160e+00   5.1018220e+00   9.9000000e+00   7.2960930e+00   4.5781250e+03   3.5260420e+03   4.3604170e+03   3.4548610e+00   5.2135920e+03   5.8849310e+03   2.4062500e+01   1.5914350e+01
   8.0953120e+00   4.3598960e+00   9.3098960e+00   4.7523440e+00   4.3333330e+03   3.3263890e+03   4.0558790e+03   3.4548610e+00   5.1343690e+03   5.7264230e+03   2.4033850e+01   1.3541670e+01
   7.1958330e+00   4.3742190e+00   7.8776040e+00   4.4372390e+00   4.0815970e+03   3.1232640e+03   3.9053410e+03   3.4548610e+00   2.1829130e+03   5.4756940e+03   2.6611980e+01   2.1817130e+01
   9.8455720e+00   5.4398440e+00   9.9000000e+00   6.2161460e+00   4.7743060e+03   3.1527780e+03   4.3621470e+03   3.4548610e+00   2.3681550e+03   3.4727430e+03   2.6611980e+01   2.5752320e+01
   9.9000000e+00   5.4398440e+00   9.9000000e+00   6.6057290e+00   5.0798610e+03   3.4704860e+03   4.5005730e+03   3.4548610e+00   2.3600000e+03   3.8214580e+03   9.9000000e+01   2.7546300e+01
   8.5049480e+00   4.6950520e+00   9.9000000e+00   5.3281250e+00   4.9913190e+03   3.5972220e+03   4.8016490e+03   3.4548610e+00   2.3304850e+03   3.8445140e+03   9.9000000e+01   2.9629630e+01
   7.6083330e+00   4.6950520e+00   9.2640620e+00   5.6460930e+00   4.8593750e+03   3.6996530e+03   4.7860760e+03   3.4548610e+00   2.3223300e+03   5.3171880e+03   2.5638020e+01   3.4664350e+01
   6.7174480e+00   4.6950520e+00   7.8375000e+00   4.9414060e+00   4.8090280e+03   3.6788200e+03   4.6736050e+03   6.9097220e+00   2.3297090e+03   3.4323960e+03   2.5638020e+01   3.0439820e+01
   5.8208330e+00   4.6950520e+00   6.4138020e+00   5.3395830e+00   4.4461810e+03   3.6875000e+03   4.4555840e+03   6.9097220e+00   2.3289320e+03   3.5015630e+03   2.5638020e+01   2.4710650e+01
   5.3739580e+00   4.3541670e+00   4.9901040e+00   5.0187500e+00   4.5156250e+03   3.6458330e+03   4.3206190e+03   3.4548610e+00   2.3095140e+03   3.3862850e+03   2.5638020e+01   2.5231480e+01
   5.3739580e+00   4.3570310e+00   4.2682290e+00   4.7036460e+00   4.7430560e+03   3.5850700e+03   4.1700810e+03   3.4548610e+00   2.1464080e+03   3.0433330e+03   2.2458330e+01   2.4016200e+01
   5.3739580e+00   4.7179680e+00   2.8559890e+00   4.3856770e+00   4.4618060e+03   3.5659720e+03   4.1164410e+03   3.4548610e+00   2.2147570e+03   3.2911800e+03   2.2458330e+01   2.7777780e+01
   4.9270830e+00   4.3570310e+00   4.9671870e+00   4.7036460e+00   4.6527780e+03   3.5625000e+03   4.2237210e+03   6.9097220e+00   2.1763110e+03   2.2940280e+03   2.7098960e+01   2.1469910e+01
   4.9270830e+00   4.3541670e+00   4.2567710e+00   4.6434890e+00   4.6718750e+03   3.5885420e+03   5.2930620e+03   3.4548610e+00   2.1906800e+03   3.2104860e+03   2.7098960e+01   2.0949070e+01
   4.4744790e+00   4.3541670e+00   3.5492190e+00   4.7036460e+00   4.5833330e+03   3.6232640e+03   4.2825520e+03   3.4548610e+00   2.1009710e+03   2.1931600e+03   2.3088540e+01   1.7476850e+01
   4.9013020e+00   4.3541670e+00   4.2796870e+00   4.7036460e+00   4.5486110e+03   3.6736110e+03   4.3725290e+03   3.4548610e+00   2.1188350e+03   1.9193750e+03   2.3088540e+01   1.7650460e+01
   4.9041660e+00   4.3369790e+00   4.2796870e+00   4.0963540e+00   4.5381940e+03   3.6354170e+03   4.2514060e+03   3.4548610e+00   2.0920390e+03   1.1844790e+03   2.1083330e+01   1.5046300e+01
   4.4572920e+00   4.3369790e+00   4.2796870e+00   4.5890620e+00   4.6180560e+03   3.6562500e+03   4.2168000e+03   3.4548610e+00   2.0869900e+03   1.3718060e+03   2.1083330e+01   1.8055560e+01
   4.4572920e+00   4.3369790e+00   4.2567710e+00   4.8239580e+00   4.5850690e+03   3.5868050e+03   4.1129800e+03   6.9097220e+00   2.5013590e+03   3.2248960e+03   2.3375000e+01   2.1932870e+01
   4.4572920e+00   4.3369790e+00   2.8416670e+00   4.6692710e+00   4.2743060e+03   3.6145830e+03   4.0593400e+03   3.4548610e+00   2.3394170e+03   3.3978130e+03   2.3375000e+01   1.9965280e+01
   4.4572920e+00   4.3369790e+00   4.2567710e+00   5.6203120e+00   4.4687500e+03   3.4982640e+03   4.0333850e+03   6.9097220e+00   2.3126210e+03   1.9309030e+03   2.4348960e+01   2.0081020e+01
   4.0132810e+00   4.3369790e+00   3.5492190e+00   5.0388020e+00   4.3472220e+03   3.4965280e+03   3.9710940e+03   3.4548610e+00   2.4182520e+03   3.2306600e+03   2.4348960e+01   1.9039350e+01
   4.4572920e+00   4.3369790e+00   4.8153640e+00   5.3481770e+00   4.4774310e+03   3.5590280e+03   4.0558790e+03   3.4548610e+00   4.8924270e+03   3.8387500e+03   2.2773440e+01   2.0601850e+01
   4.4572920e+00   4.6950520e+00   2.8531250e+00   5.5973950e+00   4.4531250e+03   3.4114580e+03   3.9866670e+03   3.4548610e+00   2.4462140e+03   3.3574650e+03   2.2802080e+01   2.1701390e+01
   4.4572920e+00   4.6950520e+00   2.1455730e+00   5.0187500e+00   4.3506940e+03   3.3697920e+03   4.0662620e+03   3.4548610e+00   2.4163110e+03   4.5650000e+03   2.3747390e+01   2.6041670e+01
   4.0132810e+00   4.6950520e+00   4.2796870e+00   5.3424480e+00   4.2378470e+03   3.3784720e+03   4.0852950e+03   3.4548610e+00   2.4264080e+03   5.1298610e+03   2.3747390e+01   1.5682870e+01
   4.4572920e+00   4.6950520e+00   1.1458300e-02   5.3338540e+00   4.4079860e+03   3.4305560e+03   4.1302840e+03   3.4548610e+00   2.4279610e+03   3.8819790e+03   2.2773440e+01   1.9444440e+01
   4.0104170e+00   4.3369790e+00   4.2796870e+00   4.9385410e+00   2.3819450e+03   3.4305560e+03   4.1596990e+03   3.4548610e+00   3.4951460e+00   4.1384720e+03   2.2744790e+01   1.1400460e+01
   4.4572920e+00   4.6950520e+00   3.5692710e+00   4.7322910e+00   4.8038190e+03   3.5243060e+03   4.4019440e+03   3.4548610e+00   2.5277670e+03   5.2739580e+03   2.4119790e+01   1.7708330e+01
   4.4572920e+00   4.6950520e+00   7.1901040e-01   5.0388020e+00   4.3437500e+03   3.6631940e+03   4.0299250e+03   3.4548610e+00   2.4866020e+03   5.1903820e+03   2.4119790e+01   1.6261570e+01
   4.0104170e+00   4.3369790e+00   3.5520830e+00   5.9898430e+00   4.0659720e+03   3.4565970e+03   3.9295660e+03   6.9097220e+00   2.3933980e+03   4.5131250e+03   2.2687500e+01   1.3831020e+01
   4.0104170e+00   4.3369790e+00   2.8559890e+00   4.7294270e+00   4.4079860e+03   3.3888890e+03   3.9866670e+03   3.4548610e+00   2.3254370e+03   3.4612150e+03   2.2687500e+01   1.4525460e+01
   4.0304680e+00   4.3369790e+00   2.8559890e+00   4.1078120e+00   4.3142360e+03   3.3923610e+03   4.0939470e+03   3.4548610e+00   2.2050490e+03   1.7291670e+03   2.3403650e+01   1.4004630e+01
   3.5835940e+00   4.3541670e+00   3.4804690e+00   4.7552080e+00   4.5138890e+03   3.5104170e+03   3.9814760e+03   3.4548610e+00   2.2765050e+03   1.3314580e+03   2.3460940e+01   1.8344910e+01
   4.0304680e+00   4.3541670e+00   2.8559890e+00   4.7723960e+00   4.6180560e+03   3.4843750e+03   4.0835650e+03   3.4548610e+00   2.2749510e+03   1.3401040e+03   2.2973960e+01   1.4872690e+01
   3.5835940e+00   4.3541670e+00   2.8559890e+00   5.6145830e+00   4.6111110e+03   3.4930550e+03   4.0610710e+03   3.4548610e+00   3.8454370e+03   1.3285760e+03   2.2973960e+01   1.4583330e+01
   3.5835940e+00   9.9000000e+00   7.2760420e-01   5.6604170e+00   4.4774310e+03   3.4878470e+03   3.9987790e+03   3.4548610e+00   2.4559220e+03   1.3429860e+03   2.3489580e+01   1.5162040e+01
   3.5835940e+00   4.3742190e+00   2.1541670e+00   6.3020830e+00   4.3090280e+03   3.4756940e+03   3.8759260e+03   3.4548610e+00   2.5025240e+03   3.2825350e+03   2.3489580e+01   1.5277780e+01
   3.5835940e+00   4.3713540e+00   2.1541670e+00   7.2015620e+00   5.0815970e+03   3.3958330e+03   4.0005090e+03   3.4548610e+00   3.8834950e+00   8.9628470e+02   2.4033850e+01   1.6319440e+01
   3.6007810e+00   4.3541670e+00   1.4437500e+00   5.6546870e+00   5.1493060e+03   3.5572920e+03   4.3846410e+03   3.4548610e+00   2.3479610e+03   0.0000000e+00   2.4033850e+01   1.9039350e+01
   3.5835940e+00   4.3742190e+00   2.8703120e+00   5.6346350e+00   4.1250000e+03   3.8263890e+03   3.8170950e+03   3.4548610e+00   2.3844660e+03   1.5764240e+03   3.6294270e+01   1.8229170e+01
   2.6927080e+00   4.3713540e+00   2.8674480e+00   6.0184890e+00   3.9878470e+03   3.4444450e+03   3.4675690e+03   3.4548610e+00   2.4291260e+03   1.8732640e+03   3.6294270e+01   2.4074070e+01
   3.1539060e+00   4.3541670e+00   2.8703120e+00   6.5742180e+00   3.7309030e+03   3.2135420e+03   3.4935240e+03   3.4548610e+00   2.4100970e+03   1.8415630e+03   2.3890630e+01   1.6203700e+01
   3.6007810e+00   4.3541670e+00   1.4437500e+00   5.5687500e+00   3.6388890e+03   3.2673610e+03   3.5748490e+03   3.4548610e+00   2.3370870e+03   1.4323260e+03   2.3890630e+01   1.4583330e+01
   3.1510420e+00   4.3713540e+00   1.4380210e+00   6.6486970e+00   4.1562500e+03   3.2968750e+03   3.7807580e+03   3.4548610e+00   2.3809710e+03   1.4467360e+03   2.9963540e+01   1.6145830e+01
   3.6007810e+00   4.3742190e+00   2.8703120e+00   8.1755210e+00   4.1996530e+03   3.2708330e+03   3.8413190e+03   3.4548610e+00   3.5852430e+03   1.6772920e+03   2.9963540e+01   1.5625000e+01
   3.8270830e+00   4.3742190e+00   1.4380210e+00   9.9000000e+00   3.9774310e+03   3.3524300e+03   3.8153650e+03   3.4548610e+00   2.3933980e+03   3.3142360e+03   2.4234380e+01   1.6203700e+01
   4.5002600e+00   4.7380200e+00   2.8703120e+00   9.9000000e+00   3.7829860e+03   3.2586800e+03   3.7617240e+03   3.4548610e+00   2.3413590e+03   3.7609380e+03   2.4234380e+01   1.6840280e+01
   3.1539060e+00   4.7380200e+00   2.8674480e+00   9.9000000e+00   4.3680560e+03   3.3350690e+03   3.8326680e+03   3.4548610e+00   3.7370870e+03   3.2393060e+03   2.2515630e+01   1.3078700e+01
   5.8208330e+00   5.0817710e+00   5.0158850e+00   5.0674480e+00   4.0190970e+03   3.4062500e+03   3.4641090e+03   3.4548610e+00   2.6493200e+03   3.7321180e+03   2.7414060e+01   1.6782410e+01
   6.2705730e+00   5.0760420e+00   3.5864580e+00   5.6460930e+00   4.3246530e+03   3.4097220e+03   3.9105320e+03   3.4548610e+00   2.6330100e+03   5.2768400e+03   2.7414060e+01   1.2268520e+01
   5.8208330e+00   4.7179680e+00   3.5835940e+00   4.4315100e+00   2.4288200e+03   3.4357640e+03   3.7755670e+03   3.4548610e+00   2.6532040e+03   5.3229520e+03   2.2229170e+01   1.4814810e+01
   4.9528650e+00   4.7179680e+00   6.4453130e+00   6.3335930e+00   3.9496530e+03   3.2065970e+03   3.4502660e+03   3.4548610e+00   2.6466020e+03   3.8445140e+03   2.2229170e+01   1.4583330e+01
   4.9471350e+00   4.7179680e+00   4.2997390e+00   9.9000000e+00   3.7065970e+03   3.0850690e+03   3.6855900e+03   3.4548610e+00   2.6011650e+03   5.1788540e+03   2.3890630e+01   1.3831020e+01
   3.6007810e+00   4.7151040e+00   4.2997390e+00   9.9000000e+00   3.8472220e+03   3.1597220e+03   3.6077260e+03   3.4548610e+00   2.6034950e+03   3.9107990e+03   2.3890630e+01   1.2731480e+01
   4.5002600e+00   4.7380200e+00   4.3026040e+00   9.9000000e+00   4.2534720e+03   3.1770830e+03   3.7911400e+03   3.4548610e+00   2.5592230e+03   3.8473960e+03   2.1341150e+01   1.4872690e+01
   4.5002600e+00   4.7380200e+00   5.0158850e+00   9.9000000e+00   4.3611110e+03   3.2135420e+03   3.7876790e+03   3.4548610e+00   2.5091260e+03   3.8819790e+03   2.1341150e+01   1.1111110e+01
   4.4802080e+00   4.7380200e+00   4.2997390e+00   9.9000000e+00   3.9427080e+03   3.2934030e+03   3.7807580e+03   3.4548610e+00   2.4660190e+03   4.5102430e+03   2.1255210e+01   9.8958340e+00
   4.0533850e+00   4.3742190e+00   3.5835940e+00   9.9000000e+00   3.8402780e+03   3.2656250e+03   3.8188250e+03   6.9097220e+00   2.0462140e+03   3.1326740e+03   2.1255210e+01   1.0995370e+01
   4.0533850e+00   4.7151040e+00   2.8674480e+00   9.9000000e+00   4.2013890e+03   3.3315970e+03   3.8793870e+03   3.4548610e+00   2.0858250e+03   3.4640970e+03   2.3059900e+01   1.2557870e+01
   4.0533850e+00   5.1018220e+00   3.5835940e+00   9.9000000e+00   3.6527780e+03   3.3940970e+03   3.8499710e+03   3.4548610e+00   2.1056310e+03   3.5015630e+03   2.3059900e+01   1.0763890e+01
   4.0533850e+00   4.7380200e+00   4.2968750e+00   9.9000000e+00   4.1163190e+03   3.3958330e+03   3.8067130e+03   3.4548610e+00   2.2772810e+03   3.8387500e+03   2.2945310e+01   1.1631940e+01
   4.0505200e+00   4.7380200e+00   3.5835940e+00   9.9000000e+00   4.0225690e+03   3.3333330e+03   3.5229400e+03   3.4548610e+00   2.3017480e+03   3.8387500e+03   2.2945310e+01   1.0416670e+01
   4.5002600e+00   4.7380200e+00   3.5835940e+00   9.9000000e+00   4.0520830e+03   3.2725690e+03   3.5938830e+03   6.9097220e+00   2.2411650e+03   2.4467710e+03   2.2973960e+01   9.3171300e+00
   4.0533850e+00   4.7380200e+00   4.2968750e+00   9.9000000e+00   4.0538200e+03   3.2500000e+03   3.5246700e+03   3.4548610e+00   2.3017480e+03   3.3603470e+03   2.2973960e+01   1.0763890e+01
   4.0533850e+00   4.7380200e+00   4.2997390e+00   9.9000000e+00   4.1736110e+03   3.2413190e+03   3.6977030e+03   3.4548610e+00   2.2636890e+03   3.8214580e+03   2.2630210e+01   8.0439820e+00
   4.5002600e+00   4.7380200e+00   2.5408850e+00   9.9000000e+00   3.8802080e+03   3.2065970e+03   3.7219270e+03   3.4548610e+00   2.1285440e+03   3.4756250e+03   2.2630210e+01   8.9699080e+00
   4.0505200e+00   4.7036460e+00   5.0158850e+00   9.9000000e+00   4.3836810e+03   3.2760420e+03   3.8049830e+03   3.4548610e+00   2.2322330e+03   2.0922920e+03   2.3375000e+01   1.1400460e+01
   3.6007810e+00   4.3713540e+00   4.2997390e+00   9.9000000e+00   3.8819440e+03   3.2638890e+03   3.5315910e+03   3.4548610e+00   2.3689320e+03   3.9309720e+03   2.3375000e+01   1.2268520e+01
   4.0705730e+00   4.7380200e+00   5.0388020e+00   9.9000000e+00   3.7274300e+03   3.0798610e+03   3.4121990e+03   3.4548610e+00   2.6252430e+03   6.0000000e+03   2.4606770e+01   1.1689810e+01
   4.0934900e+00   4.7380200e+00   3.6007810e+00   9.9000000e+00   3.7135420e+03   2.9340280e+03   3.3256830e+03   6.9097220e+00   4.9145630e+03   6.0000000e+03   2.4606770e+01   1.0648150e+01
   4.5690100e+00   4.7580730e+00   2.8817710e+00   9.9000000e+00   3.8871530e+03   2.8454860e+03   3.1907180e+03   3.4548610e+00   4.7825240e+03   6.0000000e+03   2.4635420e+01   6.1921300e+00
   4.5890620e+00   4.7809900e+00   3.6208330e+00   9.9000000e+00   3.0746530e+03   2.8281250e+03   3.4589180e+03   3.4548610e+00   5.1227180e+03   5.0693400e+03   2.4635420e+01   1.7071760e+01
   5.0731770e+00   4.4315100e+00   3.6351560e+00   7.3190100e+00   4.3038190e+03   2.8125000e+03   3.7980610e+03   3.4548610e+00   5.1922330e+03   3.1845490e+03   9.9000000e+01   1.5972220e+01
   5.0731770e+00   4.4544270e+00   3.6380210e+00   6.9953120e+00   4.1059030e+03   2.9010420e+03   3.6440630e+03   3.4548610e+00   2.5060190e+03   3.3315280e+03   9.9000000e+01   2.0081020e+01
   4.6119790e+00   4.4544270e+00   2.1971350e+00   8.4848960e+00   4.2951390e+03   2.9791670e+03   4.0472280e+03   3.4548610e+00   2.5549510e+03   3.8099310e+03   4.1106770e+01   1.3946760e+01
   4.5890620e+00   4.4744790e+00   1.4666670e+00   9.9000000e+00   3.8315970e+03   3.2135420e+03   3.8534320e+03   3.4548610e+00   5.0170870e+03   4.0894790e+03   4.1106770e+01   1.2384260e+01
   4.6119790e+00   4.1020830e+00   2.9247400e+00   9.9000000e+00   4.3038190e+03   3.0677080e+03   3.7980610e+03   3.4548610e+00   2.5021360e+03   2.8415970e+03   3.2570310e+01   8.7962960e+00
   4.6119790e+00   4.4601560e+00   1.1458300e-02   9.9000000e+00   3.9305560e+03   3.0937500e+03   4.0420370e+03   3.4548610e+00   2.4741750e+03   3.2565970e+03   3.2570310e+01   8.9120370e+00
   4.5890620e+00   4.4744790e+00   2.1971350e+00   9.9000000e+00   4.4826390e+03   3.3229170e+03   4.0593400e+03   3.4548610e+00   2.4147570e+03   2.4842360e+03   2.2830730e+01   9.8958340e+00
   3.6723950e+00   5.2164060e+00   1.4322900e-02   9.9000000e+00   4.4305560e+03   3.3315970e+03   3.9122630e+03   3.4548610e+00   2.4244660e+03   1.5303130e+03   2.2830730e+01   1.3020830e+01
   4.5890620e+00   9.9000000e+00   1.4666670e+00   9.9000000e+00   4.2621530e+03   3.2899310e+03   4.0005090e+03   3.4548610e+00   2.4031070e+03   1.6196530e+03   2.4263020e+01   1.6608800e+01
   4.5890620e+00   4.8239580e+00   7.3619790e-01   9.9000000e+00   4.2552080e+03   3.3368060e+03   3.8620830e+03   3.4548610e+00   2.4966990e+03   1.7205210e+03   2.4263020e+01   1.4988430e+01
   4.5690100e+00   4.8239580e+00   1.4580730e+00   9.9000000e+00   3.8576390e+03   3.2847220e+03   3.6354110e+03   3.4548610e+00   2.5732040e+03   3.8358680e+03   2.1942710e+01   1.7418980e+01
   4.1106770e+00   9.9000000e+00   7.4192700e-01   9.9000000e+00   4.0729170e+03   3.1770830e+03   3.5835010e+03   3.4548610e+00   2.5262140e+03   3.8358680e+03   2.1942710e+01   1.5046300e+01
   4.1307290e+00   5.1963540e+00   2.1971350e+00   9.9000000e+00   3.8923610e+03   3.0833330e+03   3.5990740e+03   3.4548610e+00   2.2959220e+03   3.2623610e+03   2.2171880e+01   1.3252310e+01
   4.1307290e+00   4.4544270e+00   2.9247400e+00   9.9000000e+00   4.0538200e+03   3.1666670e+03   3.7928710e+03   3.4548610e+00   2.2873790e+03   1.1787150e+03   2.2171880e+01   1.2500000e+01
   4.1307290e+00   4.4544270e+00   7.4192700e-01   9.9000000e+00   3.7569440e+03   3.1944440e+03   3.8863080e+03   3.4548610e+00   2.3545630e+03   3.1326740e+03   2.0539060e+01   1.1516200e+01
   4.1307290e+00   4.0848960e+00   2.9247400e+00   9.9000000e+00   4.0434030e+03   3.1770830e+03   3.9139930e+03   3.4548610e+00   1.0244660e+03   3.1960760e+03   2.0539060e+01   1.1689810e+01
   4.1307290e+00   4.4544270e+00   4.3856770e+00   9.9000000e+00   4.4045140e+03   3.2968750e+03   3.9295660e+03   3.4548610e+00   2.4023300e+03   3.2335420e+03   2.0309900e+01   1.0763890e+01
   4.1307290e+00   4.4544270e+00   2.1971350e+00   9.9000000e+00   3.9218750e+03   3.3611110e+03   3.9728240e+03   3.4548610e+00   1.6434950e+03   2.8790630e+03   2.0309900e+01   1.1516200e+01
   3.6723950e+00   4.4544270e+00   2.1971350e+00   9.9000000e+00   4.3333330e+03   3.3489580e+03   3.9312960e+03   3.4548610e+00   2.3926210e+03   1.3718060e+03   1.1486980e+01   1.0416670e+01
   4.5890620e+00   9.9000000e+00   7.3619790e-01   9.9000000e+00   4.3993060e+03   3.2934030e+03   3.8395890e+03   3.4548610e+00   2.3592230e+03   2.1672220e+03   1.1486980e+01   1.1400460e+01
   2.7557290e+00   9.9000000e+00   1.1458300e-02   9.9000000e+00   3.7517360e+03   3.2673610e+03   4.0091610e+03   3.4548610e+00   3.8834950e+00   1.3689240e+03   2.1799480e+01   1.0937500e+01
   4.5661450e+00   9.9000000e+00   4.3828130e+00   9.9000000e+00   3.8541670e+03   3.3506950e+03   3.7530730e+03   3.4548610e+00   2.6757280e+03   4.1125350e+03   2.1799480e+01   1.1053240e+01
   8.2127600e+00   9.9000000e+00   9.9000000e+00   9.9000000e+00   3.9479170e+03   3.2881940e+03   3.4693000e+03   3.4548610e+00   2.7075730e+03   5.2941320e+03   1.9966150e+01   1.0358800e+01
   7.7601560e+00   9.9000000e+00   9.9000000e+00   9.9000000e+00   4.0468750e+03   3.0833330e+03   3.4087380e+03   3.4548610e+00   2.6400000e+03   4.6370490e+03   1.9966150e+01   1.3020830e+01
   8.2127600e+00   9.9000000e+00   9.9000000e+00   9.9000000e+00   4.4791670e+03   3.0659720e+03   3.7028940e+03   3.4548610e+00   4.6601940e+00   1.1009030e+03   2.1083330e+01   1.3831020e+01
   9.0835930e+00   9.9000000e+00   9.9000000e+00   9.9000000e+00   5.0208330e+03   3.2586800e+03   4.3431130e+03   3.4548610e+00   3.1067960e+00   1.2392360e+03   2.1083330e+01   1.5162040e+01
   9.9000000e+00   9.9000000e+00   9.9000000e+00   9.9000000e+00   5.2170140e+03   3.5850700e+03   4.4936520e+03   3.4548610e+00   2.5871840e+03   4.4958330e+02   2.1799480e+01   1.3310190e+01
