   8.3359370e-01   1.2718750e+00   7.7630200e-01   1.5783850e+00   2.8993060e+03   3.3784720e+03   2.9709670e+03   6.9097220e+00   2.2780580e+03   3.2018400e+03   1.5210940e+01   2.0000000e+02
   8.8802080e-01   1.3377600e+00   7.9062500e-01   1.5497390e+00   2.8680550e+03   3.1579860e+03   2.4985880e+03   3.4548610e+00   3.0974760e+03   3.1038540e+03   2.6554690e+01   2.0000000e+02
   9.3671870e-01   1.3921870e+00   8.5078120e-01   1.5468750e+00   2.7118060e+03   2.9600690e+03   1.7856940e+03   3.4548610e+00   3.0695140e+03   3.1845490e+03   2.6554690e+01   2.0000000e+02
   1.0856770e+00   1.3664060e+00   9.7968750e-01   1.5039060e+00   2.6979170e+03   3.0017360e+03   2.1352200e+03   3.4548610e+00   3.0170870e+03   3.7955210e+03   1.7445310e+01   2.0000000e+02
   8.9088540e-01   1.3177080e+00   1.0369790e+00   1.4523440e+00   2.6857640e+03   2.9583330e+03   2.1819390e+03   3.4548610e+00   2.9949510e+03   4.9252430e+03   1.7445310e+01   2.0000000e+02
   9.8828120e-01   1.2632810e+00   1.1057290e+00   1.4208330e+00   2.8142360e+03   2.9201390e+03   2.1975110e+03   3.4548610e+00   2.9433010e+03   4.7753820e+03   1.5497400e+01   2.0000000e+02
   3.9875000e+00   1.2661460e+00   9.8541670e-01   1.4437500e+00   3.0069440e+03   2.9253470e+03   2.3809260e+03   3.4548610e+00   3.0147570e+03   4.7033330e+03   1.5497400e+01   2.0000000e+02
   3.9875000e+00   1.3091150e+00   1.0283850e+00   1.4380210e+00   2.5729170e+03   2.9965280e+03   2.4605210e+03   3.4548610e+00   2.9697090e+03   3.1960760e+03   2.2343750e+01   2.0000000e+02
   3.5434890e+00   1.3492190e+00   9.5677080e-01   1.4322920e+00   2.7291670e+03   3.0329860e+03   2.6058680e+03   3.4548610e+00   2.9460190e+03   3.1730210e+03   2.2343750e+01   2.0000000e+02
   3.5492190e+00   1.3778650e+00   9.9973960e-01   1.4494790e+00   2.8159720e+03   3.0989580e+03   2.5781830e+03   3.4548610e+00   2.9165050e+03   3.1960760e+03   1.7187500e+01   2.0000000e+02
   3.3257810e+00   1.3807290e+00   1.0026040e+00   1.4494790e+00   3.0833330e+03   3.1423610e+03   2.5176220e+03   3.4548610e+00   2.8081550e+03   5.1298610e+03   1.7187500e+01   2.0000000e+02
   3.3401040e+00   1.3520830e+00   9.9114580e-01   1.4466150e+00   3.1788190e+03   3.2274310e+03   2.6595080e+03   3.4548610e+00   2.1417480e+03   2.1009380e+03   2.0825520e+01   2.0000000e+02
   3.3401040e+00   1.3291670e+00   9.0807290e-01   1.4580730e+00   3.1354170e+03   3.2708330e+03   2.7321820e+03   3.4548610e+00   2.8322330e+03   3.2248960e+03   2.0825520e+01   2.0000000e+02
   3.1195310e+00   1.2919270e+00   9.9401030e-01   1.4437500e+00   2.9340280e+03   3.3506950e+03   2.3861170e+03   3.4548610e+00   2.5165050e+03   4.9137150e+03   2.2658860e+01   2.0000000e+02
   3.1338540e+00   1.2145830e+00   8.1927080e-01   1.4523440e+00   2.8854170e+03   3.2673610e+03   2.4345660e+03   6.9097220e+00   2.8908740e+03   3.1701390e+03   2.2658860e+01   2.0000000e+02
   3.3544270e+00   1.1372400e+00   9.4244790e-01   1.4466150e+00   2.8055560e+03   3.2413190e+03   2.2321180e+03   3.4548610e+00   2.8163110e+03   3.1903130e+03   1.6213540e+01   2.0000000e+02
   4.2510410e+00   1.0369790e+00   8.8515620e-01   1.4523440e+00   2.7413190e+03   3.1788190e+03   2.2580730e+03   3.4548610e+00   2.8489320e+03   3.1009720e+03   1.6213540e+01   2.0000000e+02
   3.3572910e+00   9.7395830e-01   8.5078120e-01   1.4523440e+00   2.7847220e+03   3.1423610e+03   2.3220950e+03   3.4548610e+00   2.3584470e+03   3.8329860e+03   1.7330730e+01   2.0000000e+02
   4.4945310e+00   8.9947920e-01   8.3645830e-01   1.4236980e+00   2.7621530e+03   3.0659720e+03   2.6024070e+03   6.9097220e+00   2.2073790e+03   2.2623260e+03   1.7330730e+01   2.0000000e+02
   3.3716140e+00   8.6510410e-01   8.6510410e-01   1.4351560e+00   2.9809030e+03   3.0486110e+03   2.6646990e+03   6.9097220e+00   2.2287380e+03   1.1556600e+03   1.5611980e+01   2.0000000e+02
   3.8213540e+00   8.5937490e-01   1.0140620e+00   1.4638020e+00   1.9461810e+03   2.9097220e+03   2.6318230e+03   3.4548610e+00   2.2388350e+03   1.1815970e+03   1.5611980e+01   2.0000000e+02
   3.8213540e+00   8.2786460e-01   1.0140620e+00   1.4752600e+00   2.8559030e+03   2.9600690e+03   2.6664290e+03   3.4548610e+00   2.8970870e+03   1.1700690e+03   1.5726560e+01   2.0000000e+02
   3.3716140e+00   8.5937490e-01   9.2812500e-01   1.4580730e+00   2.7708330e+03   2.9288190e+03   2.3515100e+03   6.9097220e+00   2.8722330e+03   4.7696180e+03   1.5726560e+01   2.0000000e+02
   3.8213540e+00   8.7656240e-01   9.2812500e-01   1.4294270e+00   2.2517360e+03   3.0381940e+03   2.4172630e+03   3.4548610e+00   2.8594170e+03   3.5764930e+03   1.5296880e+01   2.0000000e+02
   3.3716140e+00   9.0520830e-01   1.0140620e+00   1.4179690e+00   2.7013890e+03   2.9635420e+03   2.5591490e+03   3.4548610e+00   2.0233010e+03   2.5217010e+03   1.5296880e+01   2.0000000e+02
   4.0419270e+00   9.3671870e-01   9.5677080e-01   1.4466150e+00   2.9288190e+03   3.0017360e+03   2.8152370e+03   3.4548610e+00   1.9821360e+03   1.1527780e+03   1.4781250e+01   2.0000000e+02
   3.5721350e+00   9.7395830e-01   1.0656250e+00   1.4867190e+00   3.0920140e+03   2.9791670e+03   2.9086750e+03   3.4548610e+00   2.0539800e+03   1.4813190e+03   1.4781250e+01   2.0000000e+02
   3.5778640e+00   1.0513020e+00   9.4817700e-01   1.5153650e+00   2.9687500e+03   2.9270830e+03   2.6629690e+03   3.4548610e+00   2.7844660e+03   2.7119100e+03   1.4723960e+01   2.0000000e+02
   4.0390630e+00   1.1143230e+00   8.8515620e-01   1.5210940e+00   2.7291670e+03   3.1284720e+03   2.4120720e+03   3.4548610e+00   2.8256310e+03   3.5563200e+03   1.4723960e+01   2.0000000e+02
   3.3257810e+00   1.1572920e+00   9.0807290e-01   1.5010420e+00   2.6250000e+03   3.1371530e+03   2.0244790e+03   3.4548610e+00   2.8201940e+03   4.8042020e+03   2.1169270e+01   2.0000000e+02
   3.5434890e+00   1.1458330e+00   8.6510410e-01   1.4924480e+00   2.5520830e+03   3.1093750e+03   2.3740050e+03   3.4548610e+00   2.8295140e+03   3.2969440e+03   2.1169270e+01   2.0000000e+02
   3.5434890e+00   1.1458330e+00   9.6536460e-01   1.4809890e+00   2.7934030e+03   3.0364580e+03   2.2771060e+03   3.4548610e+00   2.8302910e+03   3.1701390e+03   1.5898440e+01   2.0000000e+02
   3.7669270e+00   1.1486980e+00   9.9973960e-01   1.4036460e+00   2.5086810e+03   2.9097220e+03   2.3809260e+03   3.4548610e+00   2.8357280e+03   3.7004170e+03   1.5898440e+01   2.0000000e+02
   3.3401040e+00   1.1315100e+00   1.0856770e+00   1.4580730e+00   2.8159720e+03   2.9166670e+03   2.4086110e+03   6.9097220e+00   2.7638840e+03   3.7436460e+03   1.2890620e+01   2.0000000e+02
   3.5635410e+00   1.0914060e+00   9.4531250e-01   1.4638020e+00   2.3975690e+03   2.9791670e+03   2.5522280e+03   3.4548610e+00   2.7044660e+03   3.2248960e+03   1.2890620e+01   2.0000000e+02
   3.3544270e+00   1.0942710e+00   9.7395830e-01   1.4638020e+00   2.7239580e+03   2.9322920e+03   2.5262730e+03   6.9097220e+00   2.0233010e+03   3.2133680e+03   1.5927080e+01   2.0000000e+02
   3.8013020e+00   1.1200520e+00   9.6250000e-01   1.4809890e+00   2.9114580e+03   2.9722220e+03   2.6422050e+03   3.4548610e+00   2.8077670e+03   3.2047220e+03   1.5927080e+01   2.0000000e+02
   3.3544270e+00   1.1429690e+00   9.6536460e-01   1.4666670e+00   2.8055560e+03   2.9878470e+03   2.3307470e+03   6.9097220e+00   2.7184470e+03   4.7004510e+03   1.4065100e+01   2.0000000e+02
   3.1854160e+00   1.1458330e+00   8.9088540e-01   1.4781250e+00   2.7500000e+03   3.0208330e+03   2.5799130e+03   3.4548610e+00   2.2699030e+03   3.1182640e+03   1.4065100e+01   2.0000000e+02
   3.3572910e+00   1.1458330e+00   8.7942700e-01   1.4781250e+00   2.7951390e+03   3.0763890e+03   2.7096880e+03   6.9097220e+00   2.3522330e+03   1.2017710e+03   1.7875000e+01   2.0000000e+02
   3.5807290e+00   1.1372400e+00   9.0807290e-01   1.5039060e+00   2.9149300e+03   3.0190970e+03   2.6750810e+03   6.9097220e+00   2.3747570e+03   3.0433330e+03   1.7875000e+01   2.0000000e+02
   4.0247390e+00   1.1200520e+00   9.6536460e-01   1.5096350e+00   2.6892360e+03   3.0364580e+03   2.6249020e+03   6.9097220e+00   2.3794170e+03   3.1960760e+03   1.5382810e+01   2.0000000e+02
   3.1338540e+00   1.1028650e+00   8.4791670e-01   1.5182290e+00   2.7708330e+03   3.0138890e+03   2.3428590e+03   6.9097220e+00   2.3654370e+03   1.1354860e+03   1.5382810e+01   2.0000000e+02
   3.8013020e+00   1.0942710e+00   9.6250000e-01   1.5153650e+00   2.5590280e+03   3.0121530e+03   2.5020490e+03   3.4548610e+00   2.3755340e+03   1.1873610e+03   1.5096350e+01   2.0000000e+02
   3.5950520e+00   1.0627600e+00   8.1927080e-01   1.5010420e+00   2.6302080e+03   2.9618050e+03   2.4051500e+03   3.4548610e+00   2.3673790e+03   3.0663890e+03   1.5096350e+01   2.0000000e+02
   3.5950520e+00   9.9973960e-01   9.5104160e-01   1.5010420e+00   2.7187500e+03   2.9600690e+03   2.4068810e+03   6.9097220e+00   2.3584470e+03   3.0289240e+03   1.5927080e+01   2.0000000e+02
   3.5807290e+00   9.7968750e-01   1.0197920e+00   1.4437500e+00   2.7152780e+03   2.8975700e+03   1.6611110e+03   3.4548610e+00   2.9429130e+03   3.2133680e+03   1.5927080e+01   2.0000000e+02
   3.8013020e+00   9.1666660e-01   9.1953120e-01   1.4065100e+00   2.5190970e+03   2.9184030e+03   2.0919620e+03   3.4548610e+00   2.8695140e+03   3.1845490e+03   1.6356770e+01   2.0000000e+02
   3.5807290e+00   8.3072910e-01   9.3385410e-01   1.3434900e+00   2.1961810e+03   2.8072920e+03   2.2061630e+03   3.4548610e+00   2.8629130e+03   3.1730210e+03   1.6385420e+01   2.0000000e+02
   3.5807290e+00   7.3619790e-01   1.0598960e+00   1.2747400e+00   2.7170140e+03   2.8732640e+03   2.2494210e+03   3.4548610e+00   4.2939800e+03   3.7205900e+03   1.7044270e+01   2.0000000e+02
   3.7984370e+00   5.7291660e-01   9.7395830e-01   1.0283850e+00   2.6857640e+03   2.7760420e+03   1.8791320e+03   3.4548610e+00   2.8081550e+03   5.0117020e+03   1.7044270e+01   2.0000000e+02
   3.5635410e+00   5.5572920e-01   1.1171880e+00   1.0226560e+00   2.7447920e+03   2.8020830e+03   2.3809260e+03   3.4548610e+00   2.8415530e+03   4.1355900e+03   1.8161460e+01   2.0000000e+02
   3.7841140e+00   5.4713540e-01   1.0570310e+00   1.0856770e+00   3.0312500e+03   2.8593750e+03   1.8808620e+03   3.4548610e+00   2.8225240e+03   3.2133680e+03   1.8161460e+01   2.0000000e+02
   3.3229170e+00   6.4166670e-01   8.9375000e-01   1.2174480e+00   3.0277780e+03   2.8750000e+03   2.7114180e+03   3.4548610e+00   2.8279610e+03   3.2018400e+03   1.7531250e+01   2.0000000e+02
   3.5434890e+00   7.9921870e-01   8.7656240e-01   1.3291670e+00   2.8506950e+03   2.9965280e+03   2.5764530e+03   3.4548610e+00   2.8299030e+03   3.1614930e+03   1.7531250e+01   2.0000000e+02
   3.7497390e+00   9.2812500e-01   7.5911460e-01   1.3807290e+00   2.9722220e+03   3.1006940e+03   2.3895780e+03   3.4548610e+00   2.8163110e+03   3.1528470e+03   1.6500000e+01   2.0000000e+02
   3.4690100e+00   9.9401030e-01   8.3072910e-01   1.3721350e+00   2.8298610e+03   3.1371530e+03   2.3203650e+03   3.4548610e+00   2.7801940e+03   3.1874310e+03   1.6500000e+01   2.0000000e+02
   3.2942710e+00   1.0513020e+00   8.0494790e-01   1.3721350e+00   2.8767360e+03   3.1614580e+03   2.3428590e+03   3.4548610e+00   2.8054370e+03   3.1903130e+03   1.7903640e+01   2.0000000e+02
   3.0908850e+00   1.0570310e+00   7.8489580e-01   1.3234370e+00   2.7708330e+03   3.1371530e+03   2.1905900e+03   6.9097220e+00   2.7829130e+03   3.1759030e+03   1.7903640e+01   2.0000000e+02
   3.3257810e+00   9.7968750e-01   7.7343750e-01   1.3148440e+00   2.7690970e+03   3.0538190e+03   2.0608160e+03   6.9097220e+00   2.8058250e+03   3.9626740e+03   1.6184900e+01   2.0000000e+02
   3.3401040e+00   8.7083330e-01   7.4765620e-01   1.2776040e+00   2.7326390e+03   3.0468750e+03   1.9898730e+03   3.4548610e+00   2.8077670e+03   5.0866320e+03   1.6184900e+01   2.0000000e+02
   3.1195310e+00   7.7916660e-01   7.6197910e-01   1.2575520e+00   2.6059030e+03   2.9756940e+03   2.0763890e+03   3.4548610e+00   2.7972810e+03   3.2047220e+03   1.6242190e+01   2.0000000e+02
   3.3401040e+00   6.8750000e-01   9.4817700e-01   1.2432290e+00   2.6319440e+03   2.8854170e+03   1.6195830e+03   6.9097220e+00   2.7988350e+03   3.1960760e+03   1.6213540e+01   2.0000000e+02
   3.1195310e+00   6.3020830e-01   8.8802080e-01   1.2031250e+00   2.7447920e+03   2.8194440e+03   2.1750170e+03   3.4548610e+00   2.7879610e+03   3.1557290e+03   2.3604170e+01   2.0000000e+02
   3.1195310e+00   5.9869790e-01   9.8828120e-01   1.1802080e+00   2.8159720e+03   2.9340280e+03   2.1975110e+03   6.9097220e+00   2.7759220e+03   3.1960760e+03   2.3604170e+01   2.0000000e+02
   3.3401040e+00   6.3020830e-01   8.1640620e-01   1.2289060e+00   2.6996530e+03   2.8819440e+03   2.2078940e+03   3.4548610e+00   2.7522330e+03   3.6888890e+03   1.7760420e+01   2.0000000e+02
   3.1195310e+00   6.8463530e-01   7.0182290e-01   1.2518230e+00   2.8836810e+03   2.8923610e+03   2.4241840e+03   3.4548610e+00   2.7145630e+03   3.1730210e+03   1.7760420e+01   2.0000000e+02
   3.3401040e+00   7.3046880e-01   6.8750000e-01   1.2375000e+00   2.9184030e+03   2.9965280e+03   2.3653530e+03   3.4548610e+00   2.6990290e+03   3.2421880e+03   2.4750000e+01   2.0000000e+02
   3.3401040e+00   7.6484380e-01   8.4505210e-01   1.2031250e+00   2.7951390e+03   2.9843750e+03   2.4466780e+03   6.9097220e+00   2.6846600e+03   3.2104860e+03   2.4750000e+01   2.0000000e+02
   3.3429680e+00   8.1640620e-01   1.1343750e+00   1.2604170e+00   2.8107640e+03   2.9861110e+03   2.2269270e+03   3.4548610e+00   5.0485430e+00   1.0836110e+03   2.4406250e+01   2.0000000e+02
   3.1195310e+00   9.1666660e-01   7.7057290e-01   1.4236980e+00   3.1232640e+03   3.0052080e+03   3.4589180e+03   3.4548610e+00   2.1611650e+03   1.1383680e+03   2.4406250e+01   2.0000000e+02
   3.5635410e+00   9.7109370e-01   7.8489580e-01   1.4179690e+00   2.7621530e+03   3.0850690e+03   2.6197110e+03   3.4548610e+00   2.1677670e+03   1.7493400e+03   1.4523440e+01   2.0000000e+02
   3.9875000e+00   9.4817700e-01   7.5625000e-01   1.4322920e+00   2.5347220e+03   3.0920140e+03   2.2736460e+03   3.4548610e+00   2.1836890e+03   1.0086810e+03   1.4523440e+01   2.0000000e+02
   3.3257810e+00   8.9375000e-01   7.7916660e-01   1.4236980e+00   2.5468750e+03   3.1197920e+03   2.1213770e+03   3.4548610e+00   2.3537860e+03   3.2018400e+03   2.1398440e+01   2.0000000e+02
   3.5291670e+00   7.7630200e-01   7.4765620e-01   1.4151040e+00   2.5034720e+03   3.0833330e+03   2.0158280e+03   3.4548610e+00   2.3662140e+03   3.6226040e+03   2.1398440e+01   2.0000000e+02
   3.5119790e+00   6.2161460e-01   7.5625000e-01   1.3864580e+00   2.3854170e+03   2.9166670e+03   2.0711980e+03   3.4548610e+00   2.3879610e+03   4.3085070e+03   2.3804690e+01   2.0000000e+02
   4.1536460e+00   5.7578120e-01   7.7057290e-01   1.3778650e+00   2.4027780e+03   2.7187500e+03   2.1715570e+03   3.4548610e+00   2.3732040e+03   4.8906600e+03   2.3804690e+01   2.0000000e+02
   3.9158850e+00   5.2135410e-01   9.1380200e-01   1.4007810e+00   2.4218750e+03   2.6649310e+03   2.2234670e+03   3.4548610e+00   2.3475730e+03   5.1557990e+03   1.5755210e+01   2.0000000e+02
   3.7125000e+00   5.7864580e-01   9.5104160e-01   1.4007810e+00   2.6736110e+03   2.7187500e+03   2.4207230e+03   3.4548610e+00   2.3075730e+03   5.0981600e+03   1.5755210e+01   2.0000000e+02
   3.7125000e+00   7.1328120e-01   8.5078120e-01   1.4179690e+00   2.7343750e+03   2.6909720e+03   2.3532410e+03   3.4548610e+00   2.6007770e+03   4.3488540e+03   1.7072920e+01   2.0000000e+02
   3.9302080e+00   8.6223960e-01   8.8802080e-01   1.4294270e+00   2.6458330e+03   2.7986110e+03   2.4830150e+03   3.4548610e+00   2.5242720e+03   1.1671880e+03   1.7072920e+01   2.0000000e+02
   3.5005210e+00   1.0169270e+00   8.8802080e-01   1.4494790e+00   2.8229170e+03   2.8472220e+03   2.6024070e+03   3.4548610e+00   2.7258250e+03   3.2018400e+03   2.5351560e+01   2.0000000e+02
   3.2942710e+00   1.1229170e+00   8.1927080e-01   1.4609380e+00   2.7934030e+03   2.9062500e+03   2.4414870e+03   6.9097220e+00   2.5848540e+03   2.7378470e+03   2.5351560e+01   2.0000000e+02
   3.2971350e+00   1.1916670e+00   7.2187500e-01   1.4609380e+00   2.7760420e+03   2.8402780e+03   2.4691720e+03   3.4548610e+00   2.6869900e+03   4.8474310e+03   1.7072920e+01   2.0000000e+02
   3.5291670e+00   1.1744790e+00   7.3619790e-01   1.4609380e+00   2.6545140e+03   2.9461810e+03   2.4120720e+03   3.4548610e+00   2.4054370e+03   3.0029860e+03   1.7072920e+01   2.0000000e+02
   3.3114580e+00   1.1343750e+00   8.7942700e-01   1.4380210e+00   2.7274300e+03   2.8993060e+03   2.2822970e+03   3.4548610e+00   2.4112620e+03   3.1096180e+03   2.4320310e+01   2.0000000e+02
   3.7526040e+00   1.0742190e+00   7.3619790e-01   1.4151040e+00   2.7291670e+03   2.9427080e+03   2.3618920e+03   3.4548610e+00   2.4772810e+03   2.1153470e+03   2.4320310e+01   2.0000000e+02
   3.0908850e+00   9.7109370e-01   8.9375000e-01   1.4179690e+00   2.5434030e+03   2.9635420e+03   2.3272860e+03   6.9097220e+00   2.4582520e+03   3.1528470e+03   2.4664060e+01   2.0000000e+02
   3.3114580e+00   9.4817700e-01   7.0755210e-01   1.4208330e+00   2.6163200e+03   2.9270830e+03   2.3376680e+03   6.9097220e+00   2.8069900e+03   3.1297920e+03   2.4664060e+01   2.0000000e+02
   3.3114580e+00   8.8802080e-01   7.3619790e-01   1.4151040e+00   2.5000000e+03   2.7378470e+03   2.1109950e+03   3.4548610e+00   2.7452430e+03   3.1903130e+03   1.7789060e+01   2.0000000e+02
   3.3114580e+00   8.4505210e-01   8.5078120e-01   1.3864580e+00   2.6319440e+03   2.8541670e+03   2.2338480e+03   3.4548610e+00   2.6198060e+03   3.1845490e+03   1.7789060e+01   2.0000000e+02
   4.4114580e+00   8.0494790e-01   8.6510410e-01   1.4151040e+00   2.2152780e+03   2.8072920e+03   2.3947690e+03   3.4548610e+00   2.7184460e+00   1.1268400e+03   2.4664060e+01   2.0000000e+02
   3.9703120e+00   9.4244790e-01   1.0914060e+00   1.5039060e+00   3.2222220e+03   2.7708330e+03   3.5125580e+03   3.4548610e+00   2.3300970e+00   1.0375000e+03   2.4664060e+01   2.0000000e+02
   3.7526040e+00   1.0742190e+00   1.0054690e+00   1.5182290e+00   3.3420140e+03   2.7465280e+03   3.7617240e+03   6.9097220e+00   2.7184460e+00   4.9281250e+02   1.7072920e+01   2.0000000e+02
   3.3085940e+00   1.1888020e+00   8.4791670e-01   1.5669270e+00   2.7604170e+03   2.8385420e+03   2.9848090e+03   3.4548610e+00   2.7712620e+03   3.2248960e+03   1.7072920e+01   2.0000000e+02
   3.9531250e+00   1.3062500e+00   7.7630200e-01   1.5468750e+00   2.2743060e+03   2.9791670e+03   1.6420780e+03   3.4548610e+00   2.7157280e+03   3.1672570e+03   1.8734380e+01   2.0000000e+02
   3.2799480e+00   1.3091150e+00   6.4453120e-01   1.5096350e+00   2.2656250e+03   3.1076390e+03   1.7545490e+03   3.4548610e+00   2.6532040e+03   4.1961110e+03   1.8734380e+01   2.0000000e+02
   3.4976560e+00   1.2231770e+00   6.3020830e-01   1.4953120e+00   2.4913190e+03   2.9756940e+03   1.9396930e+03   3.4548610e+00   2.6143690e+03   3.7436460e+03   2.6325520e+01   2.0000000e+02
   4.1364580e+00   1.0656250e+00   9.2812500e-01   1.4523440e+00   2.5000000e+03   2.7031250e+03   2.2303880e+03   3.4548610e+00   2.6897090e+03   3.1816670e+03   2.6325520e+01   2.0000000e+02
   3.9130210e+00   9.5104160e-01   9.6536460e-01   1.4093750e+00   2.6493060e+03   2.6111110e+03   2.2234670e+03   3.4548610e+00   2.7429130e+03   3.1672570e+03   1.7216150e+01   2.0000000e+02
   3.9158850e+00   8.9947920e-01   9.5104160e-01   1.3893230e+00   2.6128470e+03   2.6805550e+03   2.2303880e+03   3.4548610e+00   2.7790290e+03   3.8935070e+03   1.7216150e+01   2.0000000e+02
   4.1307290e+00   9.8541670e-01   9.4817700e-01   1.4065100e+00   2.4305560e+03   2.6284720e+03   2.6075980e+03   3.4548610e+00   2.8097090e+03   5.0030560e+03   2.6039060e+01   2.0000000e+02
   3.5406250e+00   1.0942710e+00   7.9348960e-01   1.4179690e+00   2.7187500e+03   2.7291670e+03   2.7166090e+03   3.4548610e+00   2.7689320e+03   5.1557990e+03   2.6039060e+01   2.0000000e+02
   3.6809900e+00   1.2031250e+00   8.0781250e-01   1.4380210e+00   2.3090280e+03   2.7552080e+03   2.8481140e+03   3.4548610e+00   2.7133980e+03   3.1816670e+03   1.7588540e+01   2.0000000e+02
   3.6781250e+00   1.2489580e+00   9.2239580e-01   1.4466150e+00   2.7534720e+03   2.7864580e+03   2.8965630e+03   3.4548610e+00   1.0368930e+03   3.2047220e+03   1.7588540e+01   2.0000000e+02
   3.8986980e+00   1.2632810e+00   9.3385410e-01   1.4809890e+00   2.8593750e+03   2.8750000e+03   3.2443580e+03   3.4548610e+00   9.3941750e+02   1.1354860e+03   8.4419270e+01   2.0000000e+02
   3.6981770e+00   1.3177080e+00   8.2213540e-01   1.5382810e+00   2.9635420e+03   2.8767360e+03   3.4762210e+03   3.4548610e+00   2.1623300e+03   1.1412500e+03   8.4419270e+01   2.0000000e+02
   3.4833330e+00   1.3205730e+00   9.3385410e-01   1.5382810e+00   2.4062500e+03   2.9774310e+03   2.3964990e+03   3.4548610e+00   2.7351460e+03   5.1154510e+03   7.5023440e+01   2.0000000e+02
   3.2656250e+00   1.3005210e+00   7.7916660e-01   1.5382810e+00   2.2395830e+03   3.0329860e+03   1.6351560e+03   6.9097220e+00   2.8726210e+03   3.0145140e+03   7.5023440e+01   2.0000000e+02
   3.2513020e+00   1.2031250e+00   7.1328120e-01   1.5067710e+00   2.4149310e+03   3.0052080e+03   1.9916030e+03   3.4548610e+00   1.1168930e+03   3.1528470e+03   6.2877600e+01   2.0000000e+02
   3.8986980e+00   1.1200520e+00   8.1354170e-01   1.5325520e+00   2.3645830e+03   2.9010420e+03   2.6543170e+03   3.4548610e+00   1.8221360e+03   1.1412500e+03   6.2877600e+01   2.0000000e+02
   3.4804690e+00   1.0914060e+00   7.5625000e-01   1.5726560e+00   2.6979170e+03   2.8159720e+03   3.3429860e+03   3.4548610e+00   4.2718440e+00   0.0000000e+00   6.6028650e+01   2.0000000e+02
   3.4833330e+00   1.1171880e+00   9.0807290e-01   1.5669270e+00   2.6545140e+03   2.7777780e+03   3.3204920e+03   6.9097220e+00   1.6753400e+03   4.6399310e+02   6.6028650e+01   2.0000000e+02
   3.7010410e+00   1.1486980e+00   8.3645830e-01   1.5812500e+00   2.4479170e+03   2.7812500e+03   2.7269910e+03   6.9097220e+00   2.3036890e+03   2.1787500e+03   6.5197910e+01   2.0000000e+02
   3.4833330e+00   1.1916670e+00   7.9348960e-01   1.5497390e+00   2.1354170e+03   2.8576390e+03   2.0140970e+03   3.4548610e+00   2.4302910e+03   2.4611800e+03   6.5197910e+01   2.0000000e+02
   3.7010410e+00   1.1859370e+00   7.3619790e-01   1.5382810e+00   2.0677080e+03   2.7673610e+03   1.7943460e+03   6.9097220e+00   2.4322330e+03   1.1700690e+03   6.9523440e+01   2.0000000e+02
   4.1164060e+00   1.1658850e+00   7.3333330e-01   1.5296880e+00   2.4236110e+03   2.6319440e+03   2.0919620e+03   6.9097220e+00   2.4314560e+03   3.2393060e+03   6.9523440e+01   2.0000000e+02
   4.1164060e+00   1.1601560e+00   9.0520830e-01   1.5239580e+00   2.4045140e+03   2.5520830e+03   2.1784780e+03   6.9097220e+00   5.0594170e+03   2.9856940e+03   6.4739590e+01   2.0000000e+02
   3.6981770e+00   1.1315100e+00   9.3385410e-01   1.5153650e+00   2.3993050e+03   2.4739580e+03   1.7580090e+03   3.4548610e+00   2.8508740e+03   5.1269790e+03   6.4739590e+01   2.0000000e+02
   3.2656250e+00   1.1085940e+00   1.2203120e+00   1.5239580e+00   2.7170140e+03   2.6163200e+03   2.2165450e+03   3.4548610e+00   2.5075730e+03   3.2133680e+03   6.3507820e+01   2.0000000e+02
   3.2799480e+00   7.9921870e-01   1.8533850e+00   1.5955730e+00   2.7586810e+03   2.7031250e+03   2.2649940e+03   3.4548610e+00   2.5557280e+03   3.4208680e+03   6.3507820e+01   2.0000000e+02
   3.0622400e+00   1.6041670e-01   9.9000000e+00   1.5955730e+00   2.7934030e+03   2.7673610e+03   5.9800000e+03   3.4548610e+00   2.5930100e+03   3.4352780e+03   9.5505210e+01   2.0000000e+02
   3.0479160e+00   1.4609370e-01   9.9000000e+00   1.5440100e+00   2.9149300e+03   2.7239580e+03   8.6516200e+00   3.4548610e+00   2.6275730e+03   3.4410420e+03   9.5505210e+01   2.0000000e+02
   3.0479160e+00   1.1744790e-01   9.9000000e+00   1.5382810e+00   2.8732640e+03   2.7864580e+03   6.9212960e+00   3.4548610e+00   2.6007770e+03   3.4583330e+03   6.8291660e+01   2.0000000e+02
   3.0335940e+00   9.7395800e-02   9.9000000e+00   1.5440100e+00   2.5902780e+03   2.8211800e+03   6.9212960e+00   3.4548610e+00   2.6159220e+03   3.4122220e+03   6.8291660e+01   2.0000000e+02
   3.0192710e+00   8.5937500e-02   9.9000000e+00   1.5096350e+00   2.8211800e+03   2.2743060e+02   8.6516200e+00   3.4548610e+00   2.5805830e+03   4.3085070e+03   6.5770840e+01   2.0000000e+02
   3.4346350e+00   8.5937500e-02   9.9000000e+00   1.4924480e+00   2.6423610e+03   3.4722220e+00   6.9212960e+00   3.4548610e+00   2.5864080e+03   3.3689930e+03   6.5770840e+01   2.0000000e+02
   5.1705730e+00   1.4322920e-01   9.9000000e+00   1.5153650e+00   2.8315970e+03   2.9548610e+03   8.6516200e+00   3.4548610e+00   1.1650480e+00   1.8761460e+03   7.2158850e+01   2.0000000e+02
   3.8786460e+00   1.7187500e-01   9.9000000e+00   1.5755210e+00   3.2447920e+03   2.9513890e+03   8.6516200e+00   3.4548610e+00   2.5902910e+03   5.3171880e+03   7.2158850e+01   2.0000000e+02
   3.8643230e+00   1.6041670e-01   9.9000000e+00   1.6041670e+00   2.6458330e+03   3.2656250e+03   6.9212960e+00   3.4548610e+00   2.5433010e+03   4.5390630e+03   6.9523440e+01   2.0000000e+02
   3.6494790e+00   1.8619790e-01   9.9000000e+00   1.6385420e+00   2.8211800e+03   3.1440970e+03   6.9212960e+00   6.9097220e+00   2.4547570e+03   3.4295140e+03   6.9523440e+01   2.0000000e+02
   3.8815100e+00   1.6041670e-01   9.9000000e+00   1.6500000e+00   3.0138890e+03   3.0312500e+03   6.9212960e+00   3.4548610e+00   2.3646600e+03   1.2680560e+03   6.7804690e+01   2.0000000e+02
   4.0963540e+00   1.6901040e-01   9.9000000e+00   1.6585940e+00   2.9947920e+03   3.0538190e+03   6.9212960e+00   3.4548610e+00   2.3848540e+03   3.3920490e+03   6.7804690e+01   2.0000000e+02
   3.6408850e+00   1.6901040e-01   9.9000000e+00   1.6585940e+00   2.7812500e+03   3.1423610e+03   6.9212960e+00   3.4548610e+00   2.5165050e+03   3.3776390e+03   7.1156250e+01   2.0000000e+02
   3.9015620e+00   1.8333330e-01   9.9000000e+00   1.6614580e+00   2.6041670e+03   3.0850690e+03   6.9212960e+00   3.4548610e+00   2.5052430e+03   1.7061110e+03   7.1156250e+01   2.0000000e+02
   3.6838540e+00   1.6901040e-01   9.9000000e+00   1.6643230e+00   2.8993060e+03   3.0659720e+03   6.9212960e+00   6.9097220e+00   2.4990290e+03   3.2738890e+03   6.6486980e+01   2.0000000e+02
   3.6838540e+00   1.7187500e-01   9.9000000e+00   1.6729170e+00   2.5590280e+03   3.0277780e+03   6.9212960e+00   3.4548610e+00   2.4893200e+03   1.2450000e+03   6.6486980e+01   2.0000000e+02
   3.6838540e+00   1.7187500e-01   9.9000000e+00   1.6757810e+00   3.0572920e+03   3.0208330e+03   6.9212960e+00   3.4548610e+00   2.3064080e+03   1.2680560e+03   7.0010410e+01   2.0000000e+02
   4.1164060e+00   1.7473960e-01   9.9000000e+00   1.6872400e+00   4.4878470e+03   3.0555560e+03   6.9212960e+00   6.9097220e+00   3.4951460e+00   0.0000000e+00   7.0010410e+01   2.0000000e+02
   4.3312500e+00   1.6328120e-01   9.9000000e+00   1.6815100e+00   5.7934030e+03   3.1163200e+03   6.9212960e+00   6.9097220e+00   5.0485430e+00   0.0000000e+00   9.9000000e+01   2.0000000e+02
   3.9015620e+00   3.9817710e-01   9.9000000e+00   1.7015620e+00   5.2899310e+03   3.3940970e+03   6.9212960e+00   3.4548610e+00   2.3300970e+00   1.3516320e+03   9.9000000e+01   2.0000000e+02
   3.6666670e+00   1.3177080e+00   9.9000000e+00   1.6872400e+00   3.4583330e+03   4.3177080e+03   6.9212960e+00   3.4548610e+00   2.1840780e+03   1.3689240e+03   6.4739590e+01   2.0000000e+02
   3.4375000e+00   1.3635420e+00   9.9000000e+00   1.6585940e+00   3.3055550e+03   4.7638890e+03   6.9212960e+00   3.4548610e+00   2.3300970e+00   1.2421180e+03   6.4739590e+01   2.0000000e+02
   3.6494790e+00   1.2776040e+00   9.9000000e+00   1.5497390e+00   3.1076390e+03   4.3836810e+03   8.6516200e+00   3.4548610e+00   9.5378640e+02   1.2305900e+03   6.8807290e+01   2.0000000e+02
   3.2226560e+00   2.6354170e-01   9.9000000e+00   1.5296880e+00   2.7239580e+03   3.6354170e+03   8.6516200e+00   3.4548610e+00   2.7184460e+00   1.2680560e+03   6.8807290e+01   2.0000000e+02
   3.4203120e+00   1.4609370e-01   9.9000000e+00   1.5153650e+00   3.4010420e+03   3.5243060e+03   8.6516200e+00   3.4548610e+00   2.7184460e+00   1.2968750e+03   6.2648440e+01   2.0000000e+02
   3.2083330e+00   1.4036460e-01   9.9000000e+00   1.5325520e+00   2.6388890e+03   3.2447920e+03   8.6516200e+00   3.4548610e+00   2.2780580e+03   2.7580210e+03   6.2648440e+01   2.0000000e+02
   3.4203120e+00   1.2890620e-01   9.9000000e+00   1.5296880e+00   2.8663190e+03   3.2465280e+03   8.6516200e+00   3.4548610e+00   2.4213590e+03   5.3171880e+03   6.6572910e+01   2.0000000e+02
   3.4059890e+00   1.3463540e-01   9.9000000e+00   1.5067710e+00   2.9236110e+03   3.1354170e+03   8.6516200e+00   3.4548610e+00   2.4493200e+03   3.4410420e+03   6.6572910e+01   2.0000000e+02
   3.3859370e+00   1.5755210e-01   9.9000000e+00   1.5010420e+00   2.8489580e+03   2.9618050e+03   5.9700000e+00   3.4548610e+00   2.3720390e+03   3.3891670e+03   6.9380210e+01   2.0000000e+02
   3.2083330e+00   1.5468750e-01   9.9000000e+00   1.7388020e+00   2.9965280e+03   2.9409720e+03   1.2112270e+01   5.9700000e+03   2.5930100e+03   3.4698610e+03   6.9380210e+01   2.0000000e+02
   3.2226560e+00   1.6041670e-01   9.9000000e+00   1.7645830e+00   3.1788190e+03   3.0243050e+03   6.9212960e+00   3.4548610e+00   2.6912620e+03   5.0693400e+03   6.9380210e+01   2.0000000e+02
   3.2083330e+00   1.6328120e-01   9.9000000e+00   1.7101560e+00   3.3628470e+03   3.1979170e+03   6.9212960e+00   6.9097220e+00   2.6419420e+03   5.2307290e+03   1.7502600e+01   2.0000000e+02
   3.3916670e+00   1.4895830e-01   9.9000000e+00   1.7072920e+00   3.7934030e+03   3.3107640e+03   6.9212960e+00   6.9097220e+00   2.5941750e+03   5.2076740e+03   1.6585940e+01   2.0000000e+02
   3.3630210e+00   1.6041670e-01   9.9000000e+00   1.7216150e+00   3.7343750e+03   3.5416670e+03   6.9212960e+00   6.9097220e+00   2.5689320e+03   3.3920490e+03   1.6585940e+01   2.0000000e+02
   3.7296870e+00   1.4036460e-01   9.9000000e+00   1.7244790e+00   3.3888890e+03   3.7743050e+03   6.9212960e+00   3.4548610e+00   2.5425240e+03   4.1355900e+03   1.7158850e+01   2.0000000e+02
   3.5234380e+00   1.4322920e-01   9.9000000e+00   1.7302080e+00   3.3055550e+03   3.6892360e+03   6.9212960e+00   6.9097220e+00   2.5262140e+03   5.1413890e+03   1.7158850e+01   2.0000000e+02
   3.3486980e+00   1.4322920e-01   9.9000000e+00   1.7302080e+00   3.2847220e+03   3.5486110e+03   8.6516200e+00   6.9097220e+00   2.4419420e+03   5.2797220e+03   1.8591150e+01   2.0000000e+02
   3.3630210e+00   1.4609370e-01   9.9000000e+00   1.7388020e+00   3.2986110e+03   3.4565970e+03   8.6516200e+00   3.4548610e+00   2.3215530e+03   1.3141670e+03   1.8591150e+01   2.0000000e+02
   3.3945310e+00   1.4895830e-01   9.9000000e+00   1.7388020e+00   3.1684030e+03   3.3350690e+03   8.6516200e+00   3.4548610e+00   2.3207770e+03   1.8415630e+03   1.7932290e+01   2.0000000e+02
   3.3945310e+00   1.4609370e-01   9.9000000e+00   1.7445310e+00   3.1875000e+03   3.3177080e+03   8.6516200e+00   6.9097220e+00   2.4788350e+03   2.5044100e+03   1.7932290e+01   2.0000000e+02
   3.3945310e+00   1.6041670e-01   9.9000000e+00   1.7445310e+00   3.3072920e+03   3.3506950e+03   6.9212960e+00   6.9097220e+00   2.1945630e+03   1.2305900e+03   1.8533850e+01   2.0000000e+02
   3.3916670e+00   1.4895830e-01   9.9000000e+00   1.7388020e+00   3.4375000e+03   3.3836810e+03   8.6516200e+00   6.9097220e+00   2.3809710e+03   4.4958330e+03   1.8533850e+01   2.0000000e+02
   3.5864580e+00   1.4322920e-01   9.9000000e+00   1.7388020e+00   3.4618060e+03   3.4965280e+03   6.9212960e+00   6.9097220e+00   2.4042720e+03   2.9972220e+03   1.7760420e+01   2.0000000e+02
   3.3773440e+00   1.6328120e-01   9.9000000e+00   1.7445310e+00   3.1805560e+03   3.4739580e+03   6.9212960e+00   6.9097220e+00   2.2893200e+03   1.4265630e+03   1.7760420e+01   2.0000000e+02
   3.3773440e+00   1.5755210e-01   9.9000000e+00   1.7216150e+00   3.3524300e+03   3.5399300e+03   6.9212960e+00   3.4548610e+00   2.0194170e+03   4.4439580e+03   1.7359380e+01   2.0000000e+02
   3.3773440e+00   1.6041670e-01   9.9000000e+00   1.6815100e+00   4.2621530e+03   3.5069440e+03   6.9212960e+00   3.4548610e+00   2.2803880e+03   1.2882290e+03   1.7359380e+01   2.0000000e+02
   3.3916670e+00   1.6041670e-01   9.9000000e+00   1.6213540e+00   3.1232640e+03   3.5885420e+03   8.6516200e+00   3.4548610e+00   2.0939800e+03   3.4006950e+03   1.6872400e+01   2.0000000e+02
   3.3773440e+00   1.4895830e-01   9.9000000e+00   1.5755210e+00   2.9531250e+03   3.9097220e+03   8.6516200e+00   3.4548610e+00   2.1949510e+03   4.0779510e+03   1.6872400e+01   2.0000000e+02
   3.3773440e+00   1.6328120e-01   9.9000000e+00   1.5726560e+00   2.6805550e+03   3.2760420e+03   6.9212960e+00   3.4548610e+00   2.1697090e+03   5.4497570e+03   1.7101560e+01   2.0000000e+02
   3.3773440e+00   1.5468750e-01   9.9000000e+00   1.5640620e+00   2.9548610e+03   3.0156250e+03   6.9212960e+00   3.4548610e+00   2.1460190e+03   4.5534720e+03   1.7101560e+01   2.0000000e+02
   3.5835940e+00   1.4609370e-01   9.9000000e+00   1.5583330e+00   3.1857640e+03   3.0572920e+03   6.9212960e+00   3.4548610e+00   2.1343690e+03   5.1298610e+03   1.6872400e+01   2.0000000e+02
   3.3716140e+00   1.7187500e-01   9.9000000e+00   1.5440100e+00   3.3680560e+03   3.1406250e+03   6.9212960e+00   3.4548610e+00   2.1246600e+03   5.4180560e+03   1.6815100e+01   2.0000000e+02
   3.3773440e+00   1.6901040e-01   9.9000000e+00   1.5354170e+00   3.3090280e+03   3.3333330e+03   8.6516200e+00   3.4548610e+00   2.1141750e+03   3.4064580e+03   1.7588540e+01   2.0000000e+02
   3.3716140e+00   1.5755210e-01   9.9000000e+00   1.5325520e+00   3.5329860e+03   3.3333330e+03   8.6516200e+00   3.4548610e+00   2.1293200e+03   5.3027780e+03   1.7617190e+01   2.0000000e+02
   3.3716140e+00   1.7473960e-01   9.9000000e+00   1.5583330e+00   3.6041670e+03   3.4791670e+03   6.9212960e+00   3.4548610e+00   2.1184470e+03   3.4410420e+03   1.6729170e+01   2.0000000e+02
   3.3773440e+00   1.6328120e-01   9.9000000e+00   1.5955730e+00   3.6128470e+03   3.5572920e+03   6.9212960e+00   6.9097220e+00   2.1192230e+03   3.3257640e+03   1.6729170e+01   2.0000000e+02
   3.3773440e+00   1.6328120e-01   9.9000000e+00   1.6585940e+00   3.5781250e+03   3.6666670e+03   6.9212960e+00   6.9097220e+00   2.0994170e+03   3.3430560e+03   1.6671880e+01   2.0000000e+02
   3.3859370e+00   1.5468750e-01   9.9000000e+00   1.6872400e+00   3.5225690e+03   3.5850700e+03   6.9212960e+00   3.4548610e+00   2.3475730e+03   1.3689240e+03   1.6671880e+01   2.0000000e+02
   3.3916670e+00   1.4322920e-01   9.9000000e+00   1.7015620e+00   3.4375000e+03   3.6215280e+03   6.9212960e+00   3.4548610e+00   2.1568930e+03   3.3834030e+03   1.6500000e+01   2.0000000e+02
   3.1796870e+00   1.4609370e-01   9.9000000e+00   1.7101560e+00   3.2395830e+03   3.5434030e+03   6.9212960e+00   3.4548610e+00   2.4058250e+03   3.8387500e+03   1.6500000e+01   2.0000000e+02
   3.1940100e+00   1.4609370e-01   9.9000000e+00   1.7244790e+00   3.2291670e+03   3.4218750e+03   6.9212960e+00   3.4548610e+00   2.1040780e+03   3.4554510e+03   1.7158850e+01   2.0000000e+02
   3.4088540e+00   1.4036460e-01   9.9000000e+00   1.7244790e+00   3.4479170e+03   3.3680560e+03   6.9212960e+00   3.4548610e+00   2.3106800e+03   3.4352780e+03   1.7158850e+01   2.0000000e+02
   3.1940100e+00   1.4322920e-01   9.9000000e+00   1.7302080e+00   3.4583330e+03   3.4131940e+03   5.9800000e+03   6.9097220e+00   2.3064080e+03   3.4410420e+03   1.7473960e+01   2.0000000e+02
   3.2083330e+00   1.2890620e-01   9.9000000e+00   1.7388020e+00   3.4027780e+03   3.4236110e+03   5.9800000e+03   3.4548610e+00   4.6601940e+00   3.4035760e+03   1.7473960e+01   2.0000000e+02
   3.4231770e+00   1.4609370e-01   9.9000000e+00   1.7531250e+00   5.1232640e+03   3.4322920e+03   5.9800000e+03   6.9097220e+00   3.1067960e+00   1.0375000e+03   1.7216150e+01   2.0000000e+02
   3.4203120e+00   1.6041670e-01   9.9000000e+00   1.7645830e+00   5.6892360e+03   3.5885420e+03   5.9800000e+03   3.4548610e+00   2.4229130e+03   1.2450000e+03   1.7216150e+01   2.0000000e+02
   3.4088540e+00   1.4895830e-01   9.9000000e+00   1.7760420e+00   2.9062500e+03   4.4791670e+03   5.9800000e+03   6.9097220e+00   2.2889320e+03   3.7897570e+03   1.7216150e+01   2.0000000e+02
   3.4088540e+00   1.4895830e-01   9.9000000e+00   1.7789060e+00   3.0972220e+03   4.4913190e+03   5.9800000e+03   6.9097220e+00   2.1689320e+03   1.2651740e+03   1.7216150e+01   2.0000000e+02
   3.2226560e+00   1.6328120e-01   9.9000000e+00   1.7617190e+00   3.1718750e+03   3.5937500e+03   5.9800000e+03   3.4548610e+00   2.2850490e+03   4.1125350e+03   1.7502600e+01   2.0000000e+02
   3.2369790e+00   1.4322920e-01   9.9000000e+00   1.7244790e+00   3.2482640e+03   3.0659720e+03   5.5456880e+03   3.4548610e+00   2.3883490e+03   2.6110420e+03   1.7502600e+01   2.0000000e+02
   3.2226560e+00   1.3177080e-01   9.9000000e+00   1.6901040e+00   3.1458330e+03   3.2760420e+03   6.9212960e+00   3.4548610e+00   2.3662140e+03   3.7609380e+03   1.7445310e+01   2.0000000e+02
   3.2226560e+00   1.5468750e-01   9.9000000e+00   1.6356770e+00   3.1163200e+03   3.2795140e+03   5.9800000e+03   3.4548610e+00   2.3611650e+03   4.3632640e+03   1.7445310e+01   2.0000000e+02
   3.2226560e+00   1.6041670e-01   9.9000000e+00   1.5755210e+00   2.6805550e+03   3.3628470e+03   6.9212960e+00   3.4548610e+00   2.3456310e+03   5.0318750e+03   1.7044270e+01   2.0000000e+02
   3.2226560e+00   1.6328120e-01   9.9000000e+00   1.5812500e+00   3.5260420e+03   3.4149310e+03   6.9212960e+00   3.4548610e+00   2.3320390e+03   4.5736460e+03   1.7072920e+01   2.0000000e+02
   3.2083330e+00   1.5755210e-01   9.9000000e+00   1.5726560e+00   3.7847220e+03   3.5590280e+03   6.9212960e+00   3.4548610e+00   2.3161160e+03   4.4353130e+03   1.7072920e+01   2.0000000e+02
   3.1940100e+00   1.6901040e-01   9.9000000e+00   1.5325520e+00   3.7847220e+03   3.6753470e+03   8.6516200e+00   3.4548610e+00   2.3075730e+03   4.0203130e+03   1.7072920e+01   2.0000000e+02
   3.1940100e+00   1.5755210e-01   9.9000000e+00   1.5182290e+00   3.5711810e+03   3.7760420e+03   6.9212960e+00   3.4548610e+00   2.2970870e+03   5.1413890e+03   1.7330730e+01   2.0000000e+02
   3.1940100e+00   1.4895830e-01   9.9000000e+00   1.5096350e+00   3.2413190e+03   3.7517360e+03   8.6516200e+00   3.4548610e+00   2.2978640e+03   3.6744790e+03   1.7330730e+01   2.0000000e+02
   3.1911460e+00   1.6328120e-01   9.9000000e+00   1.5468750e+00   3.4322920e+03   3.6753470e+03   6.9212960e+00   3.4548610e+00   2.2792230e+03   5.1068060e+03   1.6958330e+01   2.0000000e+02
   3.2054680e+00   1.5755210e-01   9.9000000e+00   1.6013020e+00   3.4131940e+03   3.5572920e+03   6.9212960e+00   3.4548610e+00   2.2462140e+03   3.4871530e+03   1.6958330e+01   2.0000000e+02
   3.2083330e+00   1.4322920e-01   9.9000000e+00   1.6500000e+00   3.3628470e+03   3.4288190e+03   2.9761580e+02   3.4548610e+00   2.7184460e+00   3.3689930e+03   1.7187500e+01   2.0000000e+02
   3.2083330e+00   1.5755210e-01   9.9000000e+00   1.6757810e+00   3.5798610e+03   3.5190970e+03   6.9212960e+00   3.4548610e+00   2.3965050e+03   3.0577430e+03   1.7187500e+01   2.0000000e+02
   2.9934900e+00   1.5755210e-01   9.9000000e+00   1.6757810e+00   3.3923610e+03   3.6666670e+03   8.6516200e+00   6.9097220e+00   3.1067960e+00   3.1903130e+03   1.7072920e+01   2.0000000e+02
   3.2083330e+00   1.4609370e-01   9.9000000e+00   1.6815100e+00   3.5329860e+03   3.7621530e+03   6.9212960e+00   3.4548610e+00   2.3355340e+03   1.1412500e+03   1.7072920e+01   2.0000000e+02
   3.2226560e+00   1.6041670e-01   9.9000000e+00   1.6929690e+00   3.3107640e+03   3.6961810e+03   6.9212960e+00   3.4548610e+00   2.3798060e+03   3.1816670e+03   1.7932290e+01   2.0000000e+02
   3.2226560e+00   1.4895830e-01   9.9000000e+00   1.7072920e+00   3.4010420e+03   3.5763890e+03   6.9212960e+00   6.9097220e+00   2.5172810e+03   3.1528470e+03   1.7932290e+01   2.0000000e+02
   3.2226560e+00   1.4322920e-01   9.9000000e+00   1.7158850e+00   3.5503470e+03   3.5746530e+03   5.9800000e+03   3.4548610e+00   2.3258250e+03   2.6196880e+03   1.7903640e+01   2.0000000e+02
   3.2226560e+00   1.5755210e-01   9.9000000e+00   1.7187500e+00   3.2048610e+03   3.5173610e+03   5.9800000e+03   3.4548610e+00   2.4932040e+03   3.7004170e+03   1.7903640e+01   2.0000000e+02
   3.4375000e+00   1.4036460e-01   9.9000000e+00   1.7302080e+00   3.5451390e+03   3.5503470e+03   5.9800000e+03   3.4548610e+00   2.2555340e+03   1.2017710e+03   1.8390630e+01   2.0000000e+02
   3.2369790e+00   1.4609370e-01   9.9000000e+00   1.7302080e+00   3.7534720e+03   3.3871530e+03   5.9800000e+03   3.4548610e+00   2.2582520e+03   1.5706600e+03   1.8390630e+01   2.0000000e+02
   3.2369790e+00   1.6901040e-01   9.9000000e+00   1.7330730e+00   3.5694440e+03   3.6128470e+03   5.9800000e+03   6.9097220e+00   2.4792230e+03   3.3027080e+03   1.7932290e+01   2.0000000e+02
   3.2369790e+00   1.4895830e-01   9.9000000e+00   1.7359370e+00   3.5937500e+03   3.6579860e+03   5.9800000e+03   3.4548610e+00   2.2710680e+03   3.0865630e+03   1.7932290e+01   2.0000000e+02
   3.0221350e+00   1.4895830e-01   9.9000000e+00   1.7187500e+00   3.5069440e+03   3.6527780e+03   5.9800000e+03   3.4548610e+00   2.4520390e+03   3.1759030e+03   1.7760420e+01   2.0000000e+02
   3.2513020e+00   1.4609370e-01   9.9000000e+00   1.6786460e+00   3.5069440e+03   3.6284720e+03   6.9212960e+00   3.4548610e+00   2.3300970e+00   3.1989580e+03   1.7760420e+01   2.0000000e+02
   3.0364580e+00   1.4609370e-01   9.9000000e+00   1.5669270e+00   4.5729170e+03   3.5885420e+03   8.6516200e+00   3.4548610e+00   2.1945630e+03   1.1210760e+03   1.6528650e+01   2.0000000e+02
   3.2369790e+00   1.4609370e-01   9.9000000e+00   1.5296880e+00   3.6961810e+03   3.8003470e+03   5.9800000e+03   3.4548610e+00   2.2124270e+03   1.1671880e+03   1.6528650e+01   2.0000000e+02
   3.2226560e+00   1.5755210e-01   9.9000000e+00   1.5354170e+00   3.0920140e+03   4.2274310e+03   8.6516200e+00   3.4548610e+00   2.3930100e+03   1.1787150e+03   1.8648440e+01   2.0000000e+02
   3.2226560e+00   1.4322920e-01   9.9000000e+00   1.5583330e+00   3.2118050e+03   3.8055560e+03   6.9212960e+00   3.4548610e+00   2.5825240e+03   3.1960760e+03   1.8648440e+01   2.0000000e+02
   3.2083330e+00   1.4895830e-01   9.9000000e+00   1.5726560e+00   3.3802080e+03   3.4739580e+03   6.9212960e+00   3.4548610e+00   2.5603880e+03   4.5015970e+03   1.7330730e+01   2.0000000e+02
   3.2226560e+00   1.4609370e-01   9.9000000e+00   1.5526040e+00   3.3958330e+03   3.3975700e+03   6.9212960e+00   3.4548610e+00   2.5689320e+03   3.3978130e+03   1.7330730e+01   2.0000000e+02
   3.2226560e+00   1.4322920e-01   9.9000000e+00   1.5354170e+00   3.4409720e+03   3.4479170e+03   8.6516200e+00   3.4548610e+00   2.5658250e+03   4.0260760e+03   1.7502600e+01   2.0000000e+02
   3.1911460e+00   1.5468750e-01   5.1562490e-01   6.2161460e-01   3.3854170e+03   3.4635420e+03   2.2321180e+02   3.4548610e+00   2.5619420e+03   3.4064580e+03   1.7502600e+01   2.0000000e+02
   3.1768230e+00   1.5468750e-01   2.0338540e-01   5.9296870e-01   3.5572920e+03   3.4670140e+03   2.0936920e+02   3.4548610e+00   2.5510680e+03   3.4323960e+03   1.7473960e+01   2.0000000e+02
   3.1625000e+00   1.5468750e-01   1.9192710e-01   5.4140620e-01   3.7013890e+03   3.6232640e+03   3.5817710e+02   3.4548610e+00   2.5483490e+03   3.6600690e+03   1.7473960e+01   2.0000000e+02
   3.1796870e+00   1.4895830e-01   1.9192710e-01   6.0156240e-01   3.5486110e+03   3.6840280e+03   2.1109950e+02   6.9097220e+00   2.5048540e+03   3.4266320e+03   2.0367190e+01   2.0000000e+02
   3.1940100e+00   1.4036460e-01   1.7760420e-01   5.5859380e-01   2.5625000e+03   3.6996530e+03   2.1629050e+02   3.4548610e+00   2.4733980e+03   3.4266320e+03   2.0367190e+01   2.0000000e+02
   3.1940100e+00   1.4895830e-01   1.7760420e-01   5.4713540e-01   3.3194440e+03   3.5138890e+03   2.0244790e+02   6.9097220e+00   2.4462140e+03   5.0779860e+03   1.9335940e+01   2.0000000e+02
   3.1940100e+00   1.5755210e-01   1.7760420e-01   5.2135410e-01   3.3975700e+03   3.4270830e+03   2.1109950e+02   6.9097220e+00   2.3941750e+03   5.3863540e+03   1.9335940e+01   2.0000000e+02
   3.1940100e+00   1.4895830e-01   1.6328120e-01   4.8411460e-01   3.5104170e+03   3.4218750e+03   2.2667250e+02   3.4548610e+00   2.3887380e+03   3.4295140e+03   1.9250000e+01   2.0000000e+02
   3.1940100e+00   1.5468750e-01   1.6901040e-01   4.4687500e-01   3.5156250e+03   3.4618060e+03   2.2494210e+02   3.4548610e+00   2.3607770e+03   3.3978130e+03   1.9250000e+01   2.0000000e+02
   3.2083330e+00   1.4895830e-01   1.6328120e-01   4.4401040e-01   4.5225690e+03   3.4184030e+03   2.2321180e+02   3.4548610e+00   2.5732040e+03   3.3834030e+03   1.9966150e+01   2.0000000e+02
   3.4231770e+00   1.4895830e-01   1.6328120e-01   4.1250000e-01   3.9513890e+03   3.6388890e+03   2.3186340e+02   3.4548610e+00   3.4951460e+00   1.4553820e+03   1.9966150e+01   2.0000000e+02
   3.4231770e+00   1.5755210e-01   1.6901040e-01   3.7239580e-01   4.3524310e+03   4.0486110e+03   2.3186340e+02   6.9097220e+00   2.5273790e+03   3.4179860e+03   1.7101560e+01   2.0000000e+02
   3.2083330e+00   1.4609370e-01   1.6328120e-01   3.4375000e-01   4.1996530e+03   4.0451390e+03   2.3359380e+02   3.4548610e+00   2.6027190e+03   2.9395830e+03   1.7101560e+01   2.0000000e+02
   3.2083330e+00   1.4322920e-01   1.6328120e-01   3.4088540e-01   3.5312500e+03   4.0868060e+03   2.1109950e+02   3.4548610e+00   4.2718440e+00   3.3603470e+03   1.7158850e+01   2.0000000e+02
   3.4231770e+00   1.3177080e-01   1.6328120e-01   3.6093750e-01   4.5937500e+03   3.9513890e+03   2.2667250e+02   3.4548610e+00   2.1627190e+03   1.3602780e+03   1.7158850e+01   2.0000000e+02
   3.2083330e+00   1.4322920e-01   1.6901040e-01   3.0364580e-01   4.4079860e+03   3.9704860e+03   2.2667250e+02   3.4548610e+00   2.2132040e+03   0.0000000e+00   1.6958330e+01   2.0000000e+02
   3.2083330e+00   1.3463540e-01   1.6328120e-01   2.5494790e-01   3.9131950e+03   4.0729170e+03   2.2494210e+02   3.4548610e+00   2.1739800e+03   5.4756950e+02   1.6958330e+01   2.0000000e+02
   3.1940100e+00   1.4036460e-01   8.7656240e-01   4.2682290e-01   3.1788190e+03   4.1909720e+03   4.4988430e+02   3.4548610e+00   2.5910680e+03   3.2565970e+03   1.7187500e+01   2.0000000e+02
   4.2453120e+00   1.5755210e-01   2.7213540e-01   2.0625000e-01   2.3281250e+03   4.1388890e+03   3.3516380e+03   3.4548610e+00   2.5662140e+03   5.4065280e+03   1.7187500e+01   2.0000000e+02
   5.2679690e+00   3.0679690e+00   2.0625000e-01   5.4427100e-02   1.7361110e+00   6.0000000e+03   4.6649540e+03   3.4548610e+00   2.4877670e+03   3.3689930e+03   1.9335940e+01   2.0000000e+02
   6.2075520e+00   2.9476560e+00   1.7760420e-01   4.2968800e-02   1.7361110e+00   6.0000000e+03   3.7046240e+03   3.4548610e+00   2.5351460e+03   3.5937850e+03   1.9335940e+01   2.0000000e+02
   5.4713540e+00   2.9046870e+00   1.7760420e-01   4.0104200e-02   3.4722220e+00   3.4722220e+00   2.5556890e+03   3.4548610e+00   2.5001940e+03   3.4151040e+03   2.0223960e+01   2.0000000e+02
   5.3309890e+00   2.8416670e+00   1.7760420e-01   3.4375000e-02   1.7361110e+00   3.4722220e+00   1.9293110e+03   3.4548610e+00   2.4757280e+03   2.6283330e+03   2.0223960e+01   2.0000000e+02
   9.9000000e+00   2.7843750e+00   1.8906250e-01   3.4375000e-02   1.7361110e+00   3.4722220e+00   1.9743000e+03   3.4548610e+00   2.4512620e+03   1.4697920e+03   2.1914060e+01   2.0000000e+02
   9.9000000e+00   2.7843750e+00   2.1770830e-01   3.4375000e-02   1.7361110e+00   3.4722220e+00   2.6162500e+03   3.4548610e+00   2.4446600e+03   4.3805560e+03   2.1942710e+01   2.0000000e+02
   9.9000000e+00   2.8187500e+00   3.7526040e-01   4.2968800e-02   3.4722220e+00   3.4722220e+00   3.4450750e+03   3.4548610e+00   2.4279610e+03   3.5995490e+03   2.3317710e+01   2.0000000e+02
   9.9000000e+00   2.9104170e+00   2.1770830e-01   4.5833300e-02   4.1666670e+01   1.7361110e+00   3.9139930e+03   3.4548610e+00   2.3867960e+03   3.4352780e+03   2.3317710e+01   2.0000000e+02
   9.9000000e+00   2.9677080e+00   2.1770830e-01   4.8697900e-02   3.4722220e+00   3.4722220e+00   4.1873840e+03   3.4548610e+00   2.3798060e+03   3.2191320e+03   2.3919270e+01   2.0000000e+02
   9.9000000e+00   2.9906250e+00   2.2916670e-01   5.7291700e-02   1.7361110e+00   1.7361110e+00   4.3811810e+03   6.9097220e+00   2.2924270e+03   3.4496880e+03   2.3919270e+01   2.0000000e+02
   9.9000000e+00   3.0278640e+00   3.7526040e-01   4.8697900e-02   3.4722220e+00   3.4722220e+00   3.1491900e+03   6.9097220e+00   6.0271840e+02   1.3429860e+03   2.4062500e+01   2.0000000e+02
   9.9000000e+00   3.0250000e+00   2.2916670e-01   5.7291700e-02   1.7361110e+00   1.7361110e+00   3.2651210e+03   3.4548610e+00   2.2512620e+03   0.0000000e+00   2.4062500e+01   2.0000000e+02
   9.9000000e+00   3.0250000e+00   2.1770830e-01   4.2968800e-02   3.4722220e+00   1.7361110e+00   2.2771060e+03   3.4548610e+00   2.3526210e+03   1.4035070e+03   2.3375000e+01   2.0000000e+02
   9.9000000e+00   3.0364580e+00   2.7213540e-01   4.8697900e-02   3.4722220e+00   3.4722220e+00   2.2355790e+03   3.4548610e+00   2.6493200e+03   3.3834030e+03   2.3403650e+01   2.0000000e+02
   9.9000000e+00   3.0421870e+00   2.9791670e-01   4.5833300e-02   1.7361110e+00   3.4722220e+00   2.3861170e+03   3.4548610e+00   2.6400000e+03   3.2969440e+03   2.3403650e+01   2.0000000e+02
   9.9000000e+00   3.0335940e+00   3.6380210e-01   4.5833300e-02   3.4722220e+00   3.4722220e+00   2.7789000e+03   3.4548610e+00   2.6139800e+03   3.3113540e+03   2.3375000e+01   2.0000000e+02
   9.9000000e+00   3.0507810e+00   2.8359370e-01   4.5833300e-02   1.7361110e+00   3.4722220e+00   2.9432810e+03   3.4548610e+00   1.9871840e+03   1.8444440e+03   2.0653640e+01   2.0000000e+02
   9.9000000e+00   3.0507810e+00   3.2656250e-01   4.5833300e-02   1.7361110e+00   3.4722220e+00   3.2651210e+03   3.4548610e+00   1.8695150e+03   1.1210760e+03   2.0653640e+01   2.0000000e+02
   9.9000000e+00   3.0536460e+00   3.7812500e-01   4.5833300e-02   3.4722220e+00   1.7361110e+00   4.2514060e+03   6.9097220e+00   2.2217480e+03   1.1700690e+03   1.8791670e+01   2.0000000e+02
   9.9000000e+00   3.0679690e+00   2.8359370e-01   4.8697900e-02   3.4722220e+00   3.4722220e+00   2.6993060e+03   6.9097220e+00   2.4986410e+03   1.3026390e+03   1.8791670e+01   2.0000000e+02
   9.9000000e+00   3.0966140e+00   3.2656250e-01   4.2968800e-02   3.4722220e+00   1.7361110e+00   2.7373730e+03   6.9097220e+00   4.2718440e+00   1.3314580e+03   2.0195310e+01   2.0000000e+02
   9.9000000e+00   3.0822920e+00   5.4140620e-01   4.8697900e-02   3.4722220e+00   3.4722220e+00   2.9259780e+03   6.9097220e+00   1.4664080e+03   1.1527780e+03   2.0195310e+01   2.0000000e+02
   9.9000000e+00   3.0421870e+00   2.6927080e-01   4.5833300e-02   3.4722220e+00   3.4722220e+00   2.3445890e+03   6.9097220e+00   2.4380580e+03   1.3573960e+03   1.7388020e+01   2.0000000e+02
   9.9000000e+00   2.9419270e+00   2.4348960e-01   4.5833300e-02   3.4722220e+00   3.4722220e+00   2.1802080e+03   6.9097220e+00   2.4648540e+03   3.3776390e+03   1.7388020e+01   2.0000000e+02
   9.9000000e+00   2.8330730e+00   3.7526040e-01   4.0104200e-02   1.7361110e+00   3.4722220e+00   2.6733510e+03   3.4548610e+00   2.4532040e+03   4.6601040e+03   2.0395830e+01   2.0000000e+02
   9.9000000e+00   2.8330730e+00   3.4947910e-01   4.8697900e-02   1.7361110e+00   1.7361110e+00   3.0194160e+03   3.4548610e+00   2.4415530e+03   4.7523260e+03   2.0395830e+01   2.0000000e+02
   9.9000000e+00   2.8130210e+00   4.5546870e-01   4.8697900e-02   3.4722220e+00   1.7361110e+00   3.2737730e+03   3.4548610e+00   2.3996120e+03   3.4698610e+03   1.7932290e+01   2.0000000e+02
   9.9000000e+00   2.8044270e+00   2.9218750e-01   4.5833300e-02   3.4722220e+00   1.7361110e+00   3.2305150e+03   3.4548610e+00   2.3867960e+03   3.4439240e+03   1.7932290e+01   2.0000000e+02
   9.9000000e+00   2.7958330e+00   4.0104160e-01   5.7291700e-02   3.4722220e+00   3.4722220e+00   3.0868980e+03   3.4548610e+00   2.3048540e+03   5.1442710e+03   1.7473960e+01   2.0000000e+02
   9.9000000e+00   2.9218750e+00   3.4661460e-01   5.7291700e-02   3.4722220e+00   1.7361110e+00   3.0211460e+03   3.4548610e+00   2.4120390e+03   2.6398610e+03   1.7473960e+01   2.0000000e+02
   9.9000000e+00   2.9648440e+00   2.6067710e-01   4.5833300e-02   1.7361110e+00   3.4722220e+00   2.8809900e+03   6.9097220e+00   2.4306800e+03   3.3834030e+03   1.6614580e+01   2.0000000e+02
   9.9000000e+00   2.9791670e+00   2.4062500e-01   4.2968800e-02   3.4722220e+00   3.4722220e+00   2.9277080e+03   6.9097220e+00   2.2240780e+03   2.2190970e+03   1.6614580e+01   2.0000000e+02
   9.9000000e+00   3.0250000e+00   3.3515630e-01   4.0104200e-02   3.4722220e+00   1.7361110e+00   2.7027660e+03   6.9097220e+00   2.4912620e+03   1.3458680e+03   1.4895830e+01   2.0000000e+02
   9.9000000e+00   3.0479160e+00   3.2083330e-01   4.0104200e-02   1.7361110e+00   1.7361110e+00   3.2045600e+03   3.4548610e+00   2.4846600e+03   3.3603470e+03   1.4895830e+01   2.0000000e+02
   9.9000000e+00   3.0651040e+00   2.8359370e-01   4.5833300e-02   1.7361110e+00   1.7361110e+00   3.0263370e+03   6.9097220e+00   2.4058250e+03   3.3200000e+03   1.6328130e+01   2.0000000e+02
   9.9000000e+00   3.0708330e+00   3.3229160e-01   4.2968800e-02   3.4722220e+00   3.4722220e+00   3.0315280e+03   3.4548610e+00   2.4636890e+03   3.1442010e+03   1.6299480e+01   2.0000000e+02
   9.9000000e+00   3.0794270e+00   3.0651040e-01   4.0104200e-02   3.4722220e+00   1.7361110e+00   3.0868980e+03   6.9097220e+00   2.4050490e+03   2.6225700e+03   1.6098960e+01   2.0000000e+02
   9.9000000e+00   3.0822920e+00   3.3515630e-01   4.0104200e-02   1.7361110e+00   3.4722220e+00   2.9830790e+03   3.4548610e+00   2.4396120e+03   3.2767710e+03   1.6098960e+01   2.0000000e+02
   9.9000000e+00   3.0908850e+00   2.5494790e-01   4.0104200e-02   1.7361110e+00   1.7361110e+00   3.0090340e+03   3.4548610e+00   2.4011650e+03   3.3545830e+03   1.6671880e+01   2.0000000e+02
   9.9000000e+00   3.1052080e+00   2.8359370e-01   4.2968800e-02   1.7361110e+00   3.4722220e+00   2.8844500e+03   3.4548610e+00   2.3658250e+03   1.5562500e+03   1.6671880e+01   2.0000000e+02
   9.9000000e+00   3.0994790e+00   5.2708330e-01   4.2968800e-02   3.4722220e+00   3.4722220e+00   3.1526510e+03   3.4548610e+00   1.9417480e+00   1.2939930e+03   1.5669270e+01   2.0000000e+02
   9.9000000e+00   3.1080730e+00   3.2083330e-01   4.2968800e-02   3.4722220e+00   3.4722220e+00   2.6127890e+03   3.4548610e+00   2.4699030e+03   3.3142360e+03   1.5669270e+01   2.0000000e+02
   9.9000000e+00   3.1109370e+00   5.2708330e-01   4.2968800e-02   1.7361110e+00   1.7361110e+00   2.8931020e+03   6.9097220e+00   2.7184460e+00   2.6485070e+03   1.6729170e+01   2.0000000e+02
   9.9000000e+00   3.1138020e+00   2.9791670e-01   4.0104200e-02   1.7361110e+00   1.7361110e+00   3.1145830e+03   6.9097220e+00   2.5145630e+03   3.3459380e+03   1.6729170e+01   2.0000000e+02
   9.9000000e+00   3.0966140e+00   5.9010420e-01   4.2968800e-02   1.7361110e+00   1.7361110e+00   2.5781830e+03   3.4548610e+00   3.1067960e+00   2.4035420e+03   1.6729170e+01   2.0000000e+02
   9.9000000e+00   3.0421870e+00   4.5833330e-01   4.2968800e-02   3.4722220e+00   1.7361110e+00   2.9398210e+03   3.4548610e+00   2.6613590e+03   1.7406940e+03   1.6729170e+01   2.0000000e+02
   9.9000000e+00   2.9419270e+00   5.2708330e-01   4.2968800e-02   3.4722220e+00   3.4722220e+00   2.4484080e+03   3.4548610e+00   2.6528150e+03   3.3978130e+03   1.5812500e+01   2.0000000e+02
   9.9000000e+00   2.8645830e+00   2.1484370e-01   3.4375000e-02   3.4722220e+00   3.4722220e+00   2.8394620e+03   3.4548610e+00   2.6450490e+03   3.3545830e+03   1.5812500e+01   2.0000000e+02
   9.9000000e+00   2.8330730e+00   3.7526040e-01   4.5833300e-02   1.7361110e+00   1.7361110e+00   3.1526510e+03   3.4548610e+00   2.6353400e+03   2.5851040e+03   1.5096350e+01   2.0000000e+02
   9.9000000e+00   2.8244790e+00   4.8411460e-01   5.4427100e-02   1.7361110e+00   3.4722220e+00   2.9675060e+03   3.4548610e+00   2.6252430e+03   2.8992360e+03   1.5096350e+01   2.0000000e+02
   9.9000000e+00   2.8244790e+00   3.7239580e-01   5.7291700e-02   1.7361110e+00   1.7361110e+00   2.8584950e+03   3.4548610e+00   2.5386410e+03   3.2018400e+03   1.4953130e+01   2.0000000e+02
   9.9000000e+00   2.8072920e+00   3.3229160e-01   6.8750000e-02   1.7361110e+00   1.7361110e+00   3.2979980e+03   3.4548610e+00   2.5075730e+03   3.3718750e+03   1.4953130e+01   2.0000000e+02
   9.9000000e+00   2.7958330e+00   4.1250000e-01   6.3020800e-02   1.7361110e+00   3.4722220e+00   3.2201330e+03   3.4548610e+00   2.2085440e+03   3.3200000e+03   1.5783850e+01   2.0000000e+02
   9.9000000e+00   2.8044270e+00   3.9817710e-01   7.4765620e-01   1.7361110e+00   3.4722220e+00   3.0713250e+03   3.4548610e+00   2.2566990e+03   1.3746880e+03   1.5783850e+01   2.0000000e+02
   9.9000000e+00   2.8044270e+00   3.5807290e-01   8.7656240e-01   3.4722220e+00   3.4722220e+00   3.0453710e+03   3.4548610e+00   2.2784470e+03   1.3458680e+03   1.5382810e+01   2.0000000e+02
   9.9000000e+00   2.8817710e+00   4.4687500e-01   9.6250000e-01   1.7361110e+00   3.4722220e+00   2.7235300e+03   3.4548610e+00   2.4846600e+03   1.1873610e+03   1.5382810e+01   2.0000000e+02
   9.9000000e+00   2.9648440e+00   4.3541660e-01   1.0026040e+00   3.4722220e+00   3.4722220e+00   2.6404750e+03   6.9097220e+00   2.5052430e+03   1.1844790e+03   1.5153650e+01   2.0000000e+02
   9.9000000e+00   1.0083330e+00   3.9817710e-01   1.1143230e+00   7.8472220e+02   3.6458330e+01   2.2321180e+03   6.9097220e+00   2.4667960e+03   1.2132990e+03   1.5153650e+01   2.0000000e+02
   9.9000000e+00   1.8619790e-01   5.0416670e-01   1.2088540e+00   9.4618050e+02   1.0885420e+03   2.1058040e+03   3.4548610e+00   2.5033010e+03   0.0000000e+00   1.4867190e+01   2.0000000e+02
