   4.4973960e+00   3.3544270e+00   1.9479170e+00   2.1398440e+00   4.4704860e+03   3.1059030e+03   1.3617650e+03   3.4548610e+00   1.7149510e+03   3.7465280e+03   2.3031250e+01   2.4594910e+01
   1.1458300e-02   3.3544270e+00   1.9479170e+00   2.1398440e+00   5.2378470e+03   2.5381940e+03   1.7580090e+03   3.4548610e+00   1.7720390e+03   1.1931250e+03   2.4950520e+01   1.9386570e+01
   2.9992190e+00   3.3544270e+00   1.9364580e+00   2.1398440e+00   5.2586810e+03   3.0069440e+03   1.6974480e+03   3.4548610e+00   4.5716500e+03   3.8762150e+03   2.4921880e+01   2.1817130e+01
   4.4973960e+00   3.8299480e+00   2.9190100e+00   2.5666670e+00   4.4965280e+03   3.8437500e+03   1.3271590e+03   3.4548610e+00   4.4617480e+03   5.4295830e+03   2.2630210e+01   1.4699070e+01
   4.4973960e+00   3.8299480e+00   2.9190100e+00   2.4406250e+00   4.8107640e+03   3.6111110e+03   1.3583040e+03   3.4548610e+00   4.4166990e+03   4.5534720e+03   2.2630210e+01   1.4178240e+01
   2.9820310e+00   3.8127600e+00   4.8554690e+00   2.5523440e+00   4.6649310e+03   3.4583330e+03   1.3012040e+03   3.4548610e+00   4.3949510e+03   3.2594790e+03   2.4807290e+01   4.0740740e+01
   4.4716140e+00   3.8127600e+00   2.9190100e+00   2.9619790e+00   4.9079860e+03   3.3802080e+03   1.4655840e+03   3.4548610e+00   4.3685430e+03   3.8041670e+03   2.4807290e+01   7.3842590e+01
   4.4716140e+00   3.8127600e+00   3.8872390e+00   2.1398440e+00   4.9166670e+03   3.1961810e+03   1.4863480e+03   3.4548610e+00   1.6652430e+03   1.5850690e+03   2.3174480e+01   2.0000000e+02
   4.4716140e+00   3.3630210e+00   2.9190100e+00   2.1398440e+00   5.6163190e+03   3.5694440e+03   1.3479220e+03   3.4548610e+00   4.4011650e+03   3.8243400e+03   2.3174480e+01   7.1412040e+01
   4.4716140e+00   3.8127600e+00   2.9190100e+00   2.1828120e+00   4.9201390e+03   3.6024310e+03   1.8324130e+03   3.4548610e+00   4.4058250e+03   5.7667710e+03   2.3260420e+01   3.3333340e+01
   5.9611980e+00   4.7609370e+00   1.9479170e+00   2.1398440e+00   4.5069440e+03   3.7152780e+03   1.3254280e+03   3.4548610e+00   4.4295150e+03   3.4352780e+03   2.3260420e+01   1.6203700e+01
   4.4716140e+00   3.8127600e+00   1.9479170e+00   2.2257810e+00   4.5520830e+03   3.5781250e+03   1.2873610e+03   3.4548610e+00   4.3413590e+03   5.8100000e+03   2.3833330e+01   1.7401620e+02
   4.4716140e+00   3.8098960e+00   1.9507810e+00   2.5093750e+00   4.7500000e+03   1.7690970e+03   1.4309780e+03   3.4548610e+00   4.3541750e+03   4.8820140e+03   2.3833330e+01   4.0509260e+00
   2.9992190e+00   3.3544270e+00   1.9593750e+00   2.5781250e+00   4.8611110e+03   3.3784720e+03   1.3306190e+03   3.4548610e+00   4.3436890e+03   3.2306600e+03   2.6812500e+01   4.1666670e+00
   2.9992190e+00   3.3544270e+00   1.9593750e+00   2.1513020e+00   4.9496530e+03   2.4809030e+03   1.3773380e+03   3.4548610e+00   4.3413590e+03   3.2277780e+03   2.6812500e+01   4.3981480e+00
   2.9992190e+00   3.3544270e+00   1.9593750e+00   2.1513020e+00   4.9756940e+03   3.4131940e+03   1.4638540e+03   3.4548610e+00   4.3720390e+03   5.8474650e+03   2.6841150e+01   4.4560180e+00
   2.9992190e+00   3.3544270e+00   9.8541670e-01   2.1513020e+00   4.9479170e+03   3.6631940e+03   1.2562150e+03   6.9097220e+00   2.4093200e+03   4.6168750e+03   2.6841150e+01   4.6296300e+00
   2.9992190e+00   3.3544270e+00   1.9593750e+00   2.9390620e+00   4.9322920e+03   3.6267360e+03   1.2994730e+03   3.4548610e+00   4.7161160e+03   6.0000000e+03   2.6669270e+01   4.7453700e+00
   2.9992190e+00   3.3515620e+00   1.9679690e+00   3.0250000e+00   4.8593750e+03   3.7065970e+03   1.5244160e+03   3.4548610e+00   4.6477670e+03   5.2163200e+03   2.6669270e+01   4.6296300e+00
   3.0135410e+00   3.3544270e+00   9.9401030e-01   3.0192710e+00   4.6267360e+03   3.6701390e+03   1.3704170e+03   6.9097220e+00   4.6986410e+03   6.0000000e+03   2.7786460e+01   5.0347220e+00
   3.0278640e+00   3.3687500e+00   1.0140620e+00   2.1627600e+00   4.7934030e+03   3.5486110e+03   1.2458330e+03   6.9097220e+00   4.6287380e+03   6.0000000e+03   2.7786460e+01   3.5243050e+01
   3.0479160e+00   3.3687500e+00   1.0369790e+00   2.5953130e+00   5.0416670e+03   3.5312500e+03   1.9120080e+03   3.4548610e+00   4.6085430e+03   5.1413890e+03   2.5781250e+01   5.2083330e+00
   1.5440100e+00   3.3859370e+00   1.0598960e+00   1.7645830e+00   5.0468750e+03   3.6909720e+03   2.2857580e+03   3.4548610e+00   4.4792230e+03   6.0000000e+03   2.5781250e+01   5.2083330e+00
   1.8190100e+00   3.3830730e+00   1.0742190e+00   1.8046880e+00   5.1475690e+03   3.5850700e+03   2.1404110e+03   3.4548610e+00   4.3747570e+03   5.1269790e+03   2.5122390e+01   5.6134260e+00
   2.4463540e+00   3.4203120e+00   1.0799480e+00   1.8390620e+00   5.1510420e+03   3.3628470e+03   2.3047920e+03   3.4548610e+00   4.2652430e+03   5.0578130e+03   2.5122390e+01   5.6134260e+00
   3.1281250e+00   3.4346350e+00   1.0885420e+00   2.1656250e+00   5.2673610e+03   3.8298610e+03   1.7856940e+03   3.4548610e+00   4.2139800e+03   3.1586110e+03   3.0794270e+01   5.2083330e+00
   3.1338540e+00   3.4518230e+00   1.0770830e+00   2.3403640e+00   5.2638890e+03   3.5225690e+03   2.1231080e+03   3.4548610e+00   4.1766990e+03   4.7725000e+03   3.0794270e+01   5.3240740e+00
   3.1281250e+00   3.4661460e+00   2.1341150e+00   2.3604170e+00   5.2100690e+03   3.7656250e+03   1.7978070e+03   3.4548610e+00   4.0248540e+03   3.7436460e+03   2.9132810e+01   8.1018510e+00
   3.1481770e+00   3.9817710e+00   3.1768230e+00   3.2856770e+00   5.6059030e+03   3.3871530e+03   2.7166090e+03   3.4548610e+00   5.4368930e+00   3.2882990e+03   2.9132810e+01   6.3657410e+00
   4.7151040e+00   3.9817710e+00   5.2307290e+00   3.2627600e+00   5.1840280e+03   3.4461800e+03   2.8031250e+03   3.4548610e+00   4.5355340e+03   4.0462500e+03   2.2945310e+01   5.1504630e+00
   4.7151040e+00   3.9989580e+00   3.0622400e+00   2.7041670e+00   6.0000000e+03   3.0572920e+03   2.5937560e+03   6.9097220e+00   1.8322330e+03   3.7292360e+03   1.8390630e+01   5.4976850e+00
   4.7151040e+00   3.9989580e+00   3.0421870e+00   2.8044270e+00   4.6336810e+03   2.7378470e+03   1.5140330e+03   3.4548610e+00   4.4100970e+03   5.3085420e+03   1.8390630e+01   4.8611110e+00
   3.1481770e+00   3.9989580e+00   3.0421870e+00   3.1367190e+00   4.5937500e+03   3.2013890e+03   1.4050230e+03   6.9097220e+00   4.2198060e+03   5.6976040e+03   1.8677080e+01   5.1504630e+00
   3.1281250e+00   3.9989580e+00   3.0507810e+00   3.1223960e+00   5.0590280e+03   3.5052080e+03   1.6732230e+03   3.4548610e+00   1.8683490e+03   3.2738890e+03   1.9049480e+01   4.9768520e+00
   3.1281250e+00   3.9989580e+00   2.0109370e+00   3.1195310e+00   5.0381940e+03   3.1527780e+03   1.5071120e+03   3.4548610e+00   4.5176700e+03   5.4094100e+03   1.9078130e+01   5.0347220e+00
   3.1281250e+00   3.9989580e+00   3.0106770e+00   2.6611980e+00   4.8559030e+03   3.6736110e+03   1.2492940e+03   3.4548610e+00   4.5262130e+03   3.8473960e+03   1.9794270e+01   4.9768520e+00
   3.1281250e+00   3.9502600e+00   2.0023440e+00   2.6611980e+00   4.9461810e+03   3.5434030e+03   1.5330670e+03   3.4548610e+00   4.5398060e+03   5.0117020e+03   1.9794270e+01   4.8611110e+00
   3.1109370e+00   3.4833330e+00   1.0054690e+00   1.7645830e+00   5.1406250e+03   3.5920140e+03   1.5607520e+03   6.9097220e+00   4.5452430e+03   5.3315970e+03   1.8963540e+01   4.9768520e+00
   3.1109370e+00   2.9848960e+00   1.0054690e+00   1.7674480e+00   5.2170140e+03   3.6527780e+03   1.3825290e+03   3.4548610e+00   4.5254370e+03   4.4554860e+03   1.8963540e+01   4.9189820e+00
   3.1109370e+00   2.9848960e+00   1.0026040e+00   1.7588540e+00   5.0850690e+03   3.4444450e+03   2.1715570e+03   3.4548610e+00   4.5603880e+03   3.8531600e+03   1.9794270e+01   5.6134260e+00
   3.1109370e+00   2.9848960e+00   1.0026040e+00   1.7588540e+00   5.0208330e+03   3.6961810e+03   2.1179170e+03   6.9097220e+00   4.5289320e+03   4.5822920e+03   1.9794270e+01   5.4398150e+00
   3.0966140e+00   2.9763020e+00   1.0026040e+00   1.7588540e+00   5.3107640e+03   3.6319450e+03   2.2788370e+03   3.4548610e+00   4.5444660e+03   4.6946880e+03   1.8734380e+01   7.5810180e+00
   3.0966140e+00   3.4661460e+00   1.4322900e-02   2.1598960e+00   4.5920140e+03   3.6475690e+03   2.1975110e+03   3.4548610e+00   4.4862130e+03   3.8531600e+03   1.8734380e+01   4.9189820e+00
   4.6406250e+00   3.4661460e+00   9.9401030e-01   2.1828120e+00   4.1041670e+03   3.5399300e+03   2.0711980e+03   3.4548610e+00   4.5126210e+03   3.7926390e+03   1.8734380e+01   5.0347220e+00
   6.1559890e+00   4.4315100e+00   1.9794270e+00   1.3062500e+00   5.1753470e+03   3.3593750e+03   2.0175580e+03   3.4548610e+00   4.5363110e+03   3.8243400e+03   1.8734380e+01   5.1504630e+00
   5.9927080e+00   3.8500000e+00   1.7072920e+00   2.1513020e+00   5.2465280e+03   3.6875000e+03   1.6438080e+03   3.4548610e+00   3.6411650e+03   5.3921180e+03   1.7072920e+01   5.6134260e+00
   4.4973960e+00   3.8500000e+00   9.7968750e-01   1.7789060e+00   4.6545140e+03   3.7517360e+03   1.4984610e+03   3.4548610e+00   3.6392230e+03   5.7811810e+03   1.7101560e+01   6.1921300e+00
   4.4973960e+00   3.8500000e+00   1.4322900e-02   1.7216150e+00   5.4166670e+03   2.5711810e+03   1.6974480e+03   3.4548610e+00   3.7017480e+03   5.2941320e+03   2.0739580e+01   6.5972220e+00
   4.4973960e+00   3.3687500e+00   9.7968750e-01   1.3177080e+00   5.0208330e+03   3.8003470e+03   1.6351560e+03   6.9097220e+00   3.6842720e+03   3.2047220e+03   2.0739580e+01   5.8449070e+00
   3.1109370e+00   3.3544270e+00   9.7968750e-01   1.2861980e+00   5.2760420e+03   3.1423610e+03   1.6213140e+03   3.4548610e+00   3.6831070e+03   4.4209030e+03   2.1369790e+01   6.4236110e+00
   2.9992190e+00   3.3544270e+00   9.7682290e-01   1.2890620e+00   5.2586810e+03   3.6614580e+03   1.5676740e+03   3.4548610e+00   3.6648540e+03   3.8445140e+03   2.1369790e+01   5.9027780e+00
   2.9992190e+00   2.8760410e+00   9.7682290e-01   1.2861980e+00   5.3402780e+03   3.4357640e+03   1.5936280e+03   3.4548610e+00   3.6811650e+03   4.3978470e+03   2.5981770e+01   6.4814820e+00
   2.9992190e+00   2.8789060e+00   9.7682290e-01   1.2861980e+00   5.3854170e+03   3.0659720e+03   1.7320540e+03   3.4548610e+00   1.0151460e+03   3.4295140e+03   2.5981770e+01   6.1921300e+00
   2.9992190e+00   2.8760410e+00   1.4322900e-02   1.2861980e+00   5.9913190e+03   3.5017360e+03   2.1213770e+03   6.9097220e+00   3.6174760e+03   3.8070490e+03   2.4119790e+01   7.9282410e+00
   2.9992190e+00   2.8760410e+00   9.7682290e-01   1.0598960e+00   4.4131940e+03   4.0000000e+03   1.4880790e+03   3.4548610e+00   3.6349510e+03   5.6053820e+03   2.4177080e+01   6.4236110e+00
   2.9992190e+00   2.8760410e+00   9.7682290e-01   8.9088540e-01   5.1684030e+03   3.8177080e+03   1.5676740e+03   6.9097220e+00   1.0120390e+03   3.2162500e+03   2.4205730e+01   6.3078700e+00
   2.9992190e+00   2.8789060e+00   1.4322900e-02   1.0484370e+00   5.6631940e+03   3.5885420e+03   2.5331940e+03   3.4548610e+00   3.5759220e+03   3.8243400e+03   2.4205730e+01   7.3495370e+00
   2.9848960e+00   2.8760410e+00   9.7109370e-01   8.6223960e-01   5.0729170e+03   3.7309030e+03   1.3358100e+03   3.4548610e+00   3.5836890e+03   4.3488540e+03   2.3518230e+01   6.0763890e+00
   2.9848960e+00   3.3544270e+00   1.4322900e-02   1.2804690e+00   4.9600690e+03   3.5364580e+03   1.4776970e+03   3.4548610e+00   1.0636890e+03   3.2911800e+03   2.3518230e+01   1.5972220e+01
   5.8695310e+00   3.2914060e+00   1.9192710e+00   1.2747400e+00   4.9131940e+03   3.9253470e+03   1.2614060e+03   3.4548610e+00   3.8330100e+03   3.8301040e+03   2.2372400e+01   8.7384260e+00
   5.8695310e+00   3.2914060e+00   1.9192710e+00   1.2747400e+00   4.7986110e+03   3.7309030e+03   1.3877200e+03   3.4548610e+00   1.7499030e+03   3.9050350e+03   2.4377600e+01   8.1597220e+00
   5.8695310e+00   3.2914060e+00   1.9192710e+00   1.2747400e+00   5.1232640e+03   3.4062500e+03   1.8341430e+03   3.4548610e+00   3.7091260e+03   3.8387500e+03   2.4377600e+01   7.8703700e+00
   4.4028640e+00   2.8244790e+00   1.9192710e+00   1.2747400e+00   5.0503470e+03   3.4288190e+03   1.8687500e+03   3.4548610e+00   2.1149510e+03   1.4755560e+03   2.4406250e+01   8.4490740e+00
   4.4028640e+00   2.8216140e+00   9.6536460e-01   1.2747400e+00   5.6163190e+03   3.4722220e+03   1.7770430e+03   6.9097220e+00   1.2671840e+03   3.7926390e+03   2.4406250e+01   9.7800920e+00
   4.4028640e+00   2.8216140e+00   9.6536460e-01   1.1658850e+00   5.2152780e+03   3.7760420e+03   1.8687500e+03   3.4548610e+00   1.2776700e+03   3.1614930e+03   2.6697920e+01   7.0023150e+00
   4.4028640e+00   2.8244790e+00   9.6536460e-01   1.2661460e+00   5.8975690e+03   3.6996530e+03   1.5832470e+03   3.4548610e+00   3.6194170e+03   3.8243400e+03   2.6697920e+01   1.1805560e+01
   4.4000000e+00   3.2914060e+00   9.6536460e-01   1.6041670e+00   5.4635420e+03   3.7170140e+03   2.2061630e+03   6.9097220e+00   3.7234950e+03   2.5476390e+03   2.9562500e+01   7.0601850e+00
   4.4028640e+00   3.2914060e+00   9.6250000e-01   1.2661460e+00   5.4010420e+03   3.7881940e+03   1.5728650e+03   3.4548610e+00   1.2403880e+03   2.5995140e+03   2.9562500e+01   1.3541670e+01
   4.4028640e+00   3.2914060e+00   1.4322900e-02   1.2661460e+00   5.2934030e+03   3.8211800e+03   1.8618290e+03   3.4548610e+00   1.1234950e+03   3.8502780e+03   2.6611980e+01   2.3379630e+01
   4.4028640e+00   3.2914060e+00   1.4322900e-02   1.6901040e+00   5.3836810e+03   3.6909720e+03   1.9466150e+03   6.9097220e+00   5.4368930e+00   1.2594100e+03   2.6611980e+01   1.3946760e+02
   5.8695310e+00   3.2914060e+00   9.5963540e-01   1.6929690e+00   5.8142360e+03   3.9479170e+03   3.0990100e+03   3.4548610e+00   1.3856310e+03   1.1873610e+03   2.4664060e+01   8.2175920e+00
   4.4028640e+00   3.2914060e+00   9.6250000e-01   2.0968750e+00   4.3402780e+03   3.6493060e+03   1.4102140e+03   3.4548610e+00   3.3646600e+03   5.7610070e+03   2.4664060e+01   8.5069450e+00
   4.4028640e+00   3.7583330e+00   9.5963540e-01   1.8677080e+00   4.3333330e+03   3.7100690e+03   1.4275170e+03   3.4548610e+00   2.7184460e+00   1.8127430e+03   2.9075520e+01   6.5972220e+00
   2.9361980e+00   3.7583330e+00   9.5963540e-01   2.0968750e+00   5.3107640e+03   3.4444450e+03   1.5296070e+03   3.4548610e+00   3.8765050e+03   3.8877430e+03   2.9075520e+01   6.0995370e+01
   2.9361980e+00   3.7583330e+00   2.8559890e+00   2.5122390e+00   4.0902780e+03   3.0850690e+03   1.3617650e+03   3.4548610e+00   3.8147570e+03   3.7638190e+03   2.7614580e+01   8.9699080e+00
   1.1458300e-02   3.7583330e+00   2.8559890e+00   2.4921870e+00   4.2552080e+03   3.2586800e+03   1.3150460e+03   3.4548610e+00   3.8438840e+03   5.4584030e+03   2.8130210e+01   9.3171300e+00
   1.1458300e-02   3.7440100e+00   1.9078120e+00   2.0968750e+00   4.9982640e+03   3.6111110e+03   3.0488310e+03   3.4548610e+00   1.5856310e+03   4.3344440e+03   2.9361980e+01   1.0856480e+02
   1.4723960e+00   3.7411460e+00   2.8559890e+00   2.0968750e+00   5.1475690e+03   3.1614580e+03   3.1993690e+03   3.4548610e+00   3.9906790e+03   3.2537150e+03   2.9361980e+01   2.4074070e+01
   5.8695310e+00   3.7411460e+00   1.9192710e+00   2.0968750e+00   4.1440970e+03   3.5329860e+03   2.5626100e+03   3.4548610e+00   3.9611650e+03   5.7408330e+03   2.8072920e+01   8.1018510e+00
   5.8695310e+00   3.7411460e+00   1.9078120e+00   2.1054690e+00   4.4479170e+03   2.5173610e+03   2.6058680e+03   6.9097220e+00   3.7386410e+03   5.7984720e+03   2.5236980e+01   8.6226850e+00
   1.1458300e-02   4.2080730e+00   2.8559890e+00   2.0968750e+00   4.9114580e+03   2.6024310e+03   2.8584950e+03   3.4548610e+00   3.9176700e+03   3.2335420e+03   2.7815100e+01   8.1018510e+00
   5.8695310e+00   3.7411460e+00   1.9078120e+00   2.0968750e+00   5.4097220e+03   3.2638890e+03   3.5246700e+03   3.4548610e+00   1.2963110e+03   1.1815970e+03   3.0479170e+01   8.2175920e+00
   5.8408850e+00   3.7411460e+00   1.9078120e+00   2.5236980e+00   5.1892360e+03   3.7100690e+03   3.5039060e+03   3.4548610e+00   1.4998060e+03   2.1297570e+03   2.6640620e+01   8.7962960e+00
   5.8580720e+00   3.7583330e+00   1.9078120e+00   2.1026040e+00   3.4791670e+03   3.4479170e+03   2.2096240e+03   6.9097220e+00   3.8469900e+03   5.8128820e+03   2.6640620e+01   8.4490740e+00
   2.9247400e+00   3.7411460e+00   1.9078120e+00   2.0968750e+00   4.8437500e+03   3.0225700e+03   3.1007410e+03   3.4548610e+00   3.9219420e+03   4.8416670e+03   2.7098960e+01   1.0532410e+01
   5.8609370e+00   3.7411460e+00   1.9078120e+00   2.0395830e+00   4.2482640e+03   3.5885420e+03   2.5695310e+03   3.4548610e+00   4.0097090e+03   5.8100000e+03   3.1481770e+01   8.3680560e+01
   5.8609370e+00   3.7411460e+00   1.9078120e+00   2.0968750e+00   4.5607640e+03   3.3402780e+03   2.5885650e+03   6.9097220e+00   3.9961160e+03   5.7408330e+03   3.1481770e+01   8.7962960e+00
   5.8351560e+00   4.2080730e+00   2.5552080e+00   2.9677080e+00   5.2361110e+03   3.2934030e+03   3.5904220e+03   3.4548610e+00   3.8904850e+03   5.7264230e+03   2.4377600e+01   9.8379630e+00
   5.8408850e+00   3.2770830e+00   1.9078120e+00   1.6872400e+00   5.1857640e+03   3.4479170e+03   2.7546760e+03   3.4548610e+00   3.8563110e+03   1.1729510e+03   2.9390630e+01   9.0277780e+00
   4.3799480e+00   3.2770830e+00   9.5963540e-01   1.6901040e+00   4.5434030e+03   3.5763890e+03   2.2130840e+03   3.4548610e+00   3.9308740e+03   3.4842710e+03   2.6812500e+01   1.1250000e+02
   4.4028640e+00   3.2914060e+00   1.9078120e+00   1.6041670e+00   4.2812500e+03   3.2795140e+03   1.7234030e+03   3.4548610e+00   3.9064080e+03   4.5995830e+03   2.6812500e+01   3.3391200e+01
   2.9247400e+00   3.2914060e+00   1.9078120e+00   1.2661460e+00   4.4913190e+03   3.2899310e+03   1.8427950e+03   3.4548610e+00   3.8671840e+03   3.8589240e+03   2.6898440e+01   1.4583330e+01
   4.4028640e+00   3.2914060e+00   9.6250000e-01   1.2661460e+00   4.4809030e+03   3.3940970e+03   1.6161230e+03   3.4548610e+00   3.9359220e+03   3.8790970e+03   2.6927080e+01   1.1342590e+01
   4.4028640e+00   2.8216140e+00   9.5963540e-01   1.2661460e+00   4.4826390e+03   3.5086810e+03   2.1905900e+03   3.4548610e+00   1.3285440e+03   1.6023610e+03   2.9648440e+01   9.6643510e+00
   1.4723960e+00   3.2914060e+00   9.5963540e-01   1.2947920e+00   4.6788190e+03   3.3697920e+03   2.3705440e+03   3.4548610e+00   3.8535920e+03   3.6917710e+03   2.9648440e+01   2.0254630e+01
   2.9390620e+00   3.2914060e+00   9.5963540e-01   1.2604170e+00   4.0486110e+03   3.2760420e+03   1.6213140e+03   3.4548610e+00   3.8570870e+03   4.0059030e+03   2.7213540e+01   2.3726850e+01
   4.4028640e+00   2.8216140e+00   1.7187500e-02   1.2604170e+00   3.9930560e+03   3.3663190e+03   2.0798500e+03   3.4548610e+00   1.2885440e+03   2.3631950e+03   2.7213540e+01   1.1053240e+01
   2.9390620e+00   2.8216140e+00   9.5963540e-01   1.1143230e+00   4.5381940e+03   3.3177080e+03   2.5383850e+03   3.4548610e+00   3.7968930e+03   3.3603470e+03   2.5351560e+01   3.8831020e+01
   4.0848960e+00   2.8216140e+00   1.9078120e+00   1.2661460e+00   3.7326390e+03   3.0572920e+03   1.5763250e+03   3.4548610e+00   1.2376700e+03   4.1615280e+03   2.5351560e+01   1.1805560e+01
   4.4028640e+00   3.2914060e+00   9.5963540e-01   1.6815100e+00   4.4513890e+03   3.2881940e+03   2.2753760e+03   3.4548610e+00   3.7891260e+03   5.1269790e+03   2.4979170e+01   1.2962960e+01
   5.8695310e+00   3.7583330e+00   3.8070310e+00   1.6786460e+00   3.9427080e+03   3.0538190e+03   1.7753130e+03   3.4548610e+00   3.7475730e+03   5.0866320e+03   2.4950520e+01   1.1574070e+01
   2.9390620e+00   3.2914060e+00   1.9078120e+00   1.2604170e+00   4.1788190e+03   2.8055560e+03   1.6282350e+03   3.4548610e+00   3.7106790e+03   3.4151040e+03   2.5122390e+01   2.0543980e+01
   4.4028640e+00   3.2713540e+00   1.9078120e+00   1.2604170e+00   4.2604170e+03   2.5729170e+03   1.7251330e+03   3.4548610e+00   3.7891260e+03   3.8445140e+03   2.5122390e+01   1.0937500e+01
   1.5440100e+00   2.5838540e+00   1.4322900e-02   7.7057290e-01   4.1840280e+03   2.7256940e+03   3.6942420e+03   3.4548610e+00   2.8252430e+03   3.8589240e+03   1.7445310e+01   1.8171300e+01
   1.3348960e+00   2.5838540e+00   1.4322900e-02   7.7057290e-01   3.2725690e+03   2.8298610e+03   2.7529460e+03   3.4548610e+00   2.8889320e+03   3.8156940e+03   1.7445310e+01   2.1122680e+01
   1.3348960e+00   2.5838540e+00   1.4322900e-02   7.6484380e-01   3.4409720e+03   2.5520830e+03   2.7373730e+03   3.4548610e+00   2.6275730e+03   3.8243400e+03   1.6242190e+01   1.8287040e+01
   1.3434900e+00   2.5838540e+00   1.4322900e-02   7.7057290e-01   4.0625000e+03   2.3715280e+03   3.1595720e+03   3.4548610e+00   5.8252430e+00   0.0000000e+00   1.6242190e+01   2.0023150e+01
   1.3348960e+00   2.5809890e+00   1.4322900e-02   7.7057290e-01   4.6215280e+03   2.7013890e+03   3.7530730e+03   3.4548610e+00   2.9165050e+03   3.3171180e+03   1.7244790e+01   1.9328700e+01
   1.3348960e+00   2.5838540e+00   1.4322900e-02   7.6484380e-01   2.2760420e+03   3.1961810e+03   2.8498440e+03   6.9097220e+00   2.9157280e+03   3.8618060e+03   1.7244790e+01   1.3831020e+01
   1.3348960e+00   2.5838540e+00   1.4322900e-02   7.7057290e-01   3.3524300e+03   2.4479170e+03   2.8636860e+03   6.9097220e+00   2.8803880e+03   3.8618060e+03   1.5812500e+01   5.1041670e+01
   1.3348960e+00   2.5838540e+00   1.4322900e-02   7.7057290e-01   2.4045140e+03   2.3906250e+03   3.1388080e+03   6.9097220e+00   2.7965050e+03   3.8762150e+03   1.5812500e+01   1.5567130e+01
   1.3348960e+00   2.5809890e+00   1.4322900e-02   8.3072910e-01   3.6822920e+03   1.8940970e+03   3.0990100e+03   3.4548610e+00   1.9510680e+03   2.3113190e+03   1.8763020e+01   1.7766200e+01
   1.3348960e+00   2.5838540e+00   1.4322900e-02   7.7057290e-01   3.7951390e+03   2.5781250e+03   3.1699540e+03   3.4548610e+00   1.9786410e+03   1.1844790e+03   1.8763020e+01   3.3217590e+01
   1.3348960e+00   2.5838540e+00   1.4322900e-02   7.6484380e-01   3.9045140e+03   2.5954860e+03   3.5298610e+03   3.4548610e+00   2.0042720e+03   1.2132990e+03   1.8677080e+01   1.3541670e+01
   1.3348960e+00   2.5838540e+00   1.4322900e-02   7.1901040e-01   3.6059030e+03   2.5277780e+03   3.1509200e+03   3.4548610e+00   2.8943690e+03   3.8646880e+03   1.8677080e+01   1.2094910e+01
   1.3348960e+00   2.5838540e+00   1.4322900e-02   7.6484380e-01   3.6128470e+03   2.8906250e+03   3.0574830e+03   6.9097220e+00   2.7856310e+03   3.5332640e+03   1.7445310e+01   1.3657410e+01
   1.3348960e+00   2.5838540e+00   1.4322900e-02   7.6484380e-01   2.8315970e+03   2.2395830e+03   3.1578410e+03   6.9097220e+00   1.9685440e+03   1.4380900e+03   1.7445310e+01   1.6840280e+01
   1.3348960e+00   2.5695310e+00   1.4322900e-02   7.6484380e-01   3.8819440e+03   2.6076390e+03   3.2616610e+03   3.4548610e+00   2.8524270e+03   2.8070140e+03   1.8361980e+01   1.3599540e+01
   1.3348960e+00   2.5838540e+00   1.4322900e-02   7.7057290e-01   3.4288190e+03   2.8107640e+03   3.1786050e+03   6.9097220e+00   2.6765050e+03   3.4151040e+03   1.8361980e+01   1.7766200e+01
   1.3348960e+00   2.5752600e+00   1.4322900e-02   7.6484380e-01   3.3663190e+03   2.6631950e+03   3.0903590e+03   6.9097220e+00   2.1930100e+03   3.8589240e+03   1.8333330e+01   1.5335650e+01
   1.3348960e+00   2.5695310e+00   1.4322900e-02   7.7057290e-01   3.7170140e+03   2.4253470e+03   3.0799770e+03   3.4548610e+00   2.9530100e+03   4.1759380e+03   1.8333330e+01   7.0138890e+01
   1.3348960e+00   2.5752600e+00   1.4322900e-02   7.6197910e-01   3.7048610e+03   2.5885420e+03   3.1042010e+03   3.4548610e+00   2.9153400e+03   3.8589240e+03   1.7445310e+01   1.3425930e+01
   2.6640620e+00   2.5752600e+00   1.4322900e-02   7.6484380e-01   3.2378470e+03   2.2204860e+03   3.0626740e+03   3.4548610e+00   2.9048540e+03   3.8963890e+03   1.7445310e+01   1.1226850e+01
   2.6497400e+00   2.5752600e+00   1.4322900e-02   7.6484380e-01   3.4982640e+03   2.8072920e+03   3.2114810e+03   6.9097220e+00   2.8194170e+03   3.8675700e+03   1.6958330e+01   2.2974540e+01
   1.3348960e+00   2.5752600e+00   1.4322900e-02   7.6197910e-01   3.2326390e+03   2.6388890e+03   3.2460880e+03   6.9097220e+00   2.8229130e+03   3.8387500e+03   1.6958330e+01   1.2731480e+01
   1.3291670e+00   2.5695310e+00   1.4322900e-02   7.6484380e-01   3.0538190e+03   2.8333330e+03   3.1664930e+03   3.4548610e+00   2.7891260e+03   3.8502780e+03   1.7044270e+01   1.1921300e+01
   1.3291670e+00   2.5695310e+00   1.4322900e-02   7.6197910e-01   3.9618050e+03   1.9010420e+03   3.2616610e+03   3.4548610e+00   1.9095150e+03   3.3632290e+03   1.7072920e+01   1.0416670e+01
   1.3291670e+00   2.5752600e+00   1.4322900e-02   7.6484380e-01   4.2135420e+03   2.6996530e+03   3.4364240e+03   3.4548610e+00   1.8893200e+03   3.3315280e+03   1.8934900e+01   1.1226850e+01
   1.3291670e+00   2.5695310e+00   1.4322900e-02   7.6484380e-01   3.9930560e+03   2.8628470e+03   3.4087380e+03   6.9097220e+00   1.8908740e+03   1.3689240e+03   1.8934900e+01   1.1863430e+01
   1.3291670e+00   2.5752600e+00   1.4322900e-02   7.6197910e-01   3.7152780e+03   2.8888890e+03   3.3204920e+03   3.4548610e+00   1.9716500e+03   1.7118750e+03   1.7359380e+01   1.1921300e+01
   1.3291670e+00   2.5695310e+00   1.4322900e-02   7.6197910e-01   3.6493060e+03   2.5329860e+03   2.8913720e+03   3.4548610e+00   2.6978640e+03   3.5130900e+03   1.7359380e+01   1.4467590e+01
   1.3291670e+00   2.5752600e+00   1.4322900e-02   7.6197910e-01   3.3263890e+03   2.6736110e+03   2.9450110e+03   3.4548610e+00   1.9133980e+03   1.6628820e+03   1.6958330e+01   1.9675930e+01
   1.3291670e+00   2.5695310e+00   1.4322900e-02   7.6484380e-01   3.0399310e+03   2.5954860e+03   3.2651210e+03   3.4548610e+00   2.7922330e+03   3.3286460e+03   1.6929690e+01   5.2488430e+01
   1.3291670e+00   2.5752600e+00   1.4322900e-02   6.9322910e-01   3.3940970e+03   2.6579860e+03   3.1872570e+03   6.9097220e+00   1.8256310e+03   1.2853470e+03   1.8218750e+01   1.1053240e+01
   1.3291670e+00   2.5695310e+00   1.4322900e-02   7.6197910e-01   3.7829860e+03   2.6597220e+03   3.3412560e+03   3.4548610e+00   1.8761160e+03   1.7118750e+03   1.8218750e+01   1.1805560e+01
   1.3291670e+00   2.5752600e+00   1.4322900e-02   7.4479170e-01   3.6267360e+03   2.6909720e+03   3.3343340e+03   3.4548610e+00   1.7627180e+03   3.4352780e+03   1.6815100e+01   9.7627310e+01
   1.3291670e+00   2.5695310e+00   1.4322900e-02   7.6197910e-01   3.8628470e+03   2.8315970e+03   3.3948960e+03   3.4548610e+00   1.7972810e+03   1.1988890e+03   1.6815100e+01   1.1979170e+01
   1.3291670e+00   2.5695310e+00   1.4322900e-02   7.6484380e-01   3.7274300e+03   2.0850690e+03   3.0263370e+03   3.4548610e+00   2.7161160e+03   1.7349310e+03   1.9078130e+01   1.5914350e+01
   1.3291670e+00   2.5695310e+00   1.4322900e-02   7.6197910e-01   3.6128470e+03   2.6388890e+03   3.1405380e+03   6.9097220e+00   1.7537860e+03   1.2738190e+03   1.9078130e+01   2.2800930e+01
   1.3291670e+00   2.5752600e+00   1.4322900e-02   7.6197910e-01   4.0000000e+03   2.7100700e+03   3.1474590e+03   3.4548610e+00   1.8085440e+03   3.3257640e+03   1.8877600e+01   1.1053240e+01
   1.3291670e+00   2.5609370e+00   1.7187500e-02   7.6484380e-01   3.4756940e+03   2.4670140e+03   3.3049190e+03   3.4548610e+00   2.6400000e+03   3.3171180e+03   1.8877600e+01   1.1574070e+01
   1.3291670e+00   2.5609370e+00   8.6510410e-01   7.6197910e-01   3.8611110e+03   2.0659720e+03   3.2426270e+03   3.4548610e+00   2.7378640e+03   1.6917010e+03   1.9736980e+01   1.2442130e+01
   1.3291670e+00   2.5609370e+00   8.7083330e-01   7.6484380e-01   3.6128470e+03   2.4722220e+03   3.1353470e+03   6.9097220e+00   2.5875730e+03   3.7897570e+03   1.9736980e+01   1.0474540e+01
   1.3291670e+00   2.5609370e+00   8.6510410e-01   7.6197910e-01   4.1770830e+03   2.7552080e+03   3.4866030e+03   6.9097220e+00   2.8648540e+03   3.8387500e+03   1.6643230e+01   1.8287040e+01
   2.6354170e+00   2.5609370e+00   8.6510410e-01   7.5911460e-01   3.7708330e+03   2.6718750e+03   3.1301560e+03   3.4548610e+00   5.2388350e+02   3.8214580e+03   1.6671880e+01   1.1226850e+01
   2.6382810e+00   2.9848960e+00   1.7158850e+00   7.5911460e-01   4.1597220e+03   2.7065970e+03   3.6025350e+03   3.4548610e+00   2.8310680e+03   3.4266320e+03   1.8046880e+01   2.1122680e+01
   2.6382810e+00   2.9705730e+00   8.6223960e-01   7.6197910e-01   3.7013890e+03   2.8559030e+03   3.1595720e+03   3.4548610e+00   1.9572810e+03   3.8502780e+03   1.8046880e+01   1.0821760e+01
   2.6382810e+00   2.9705730e+00   1.7158850e+00   7.5625000e-01   3.8055560e+03   2.6822920e+03   3.1993690e+03   3.4548610e+00   5.7281560e+02   1.7061110e+03   1.6958330e+01   1.0821760e+01
   2.6239580e+00   2.5494790e+00   8.5937490e-01   7.5625000e-01   3.8177080e+03   2.3420140e+03   3.7461520e+03   3.4548610e+00   2.8497090e+03   3.8041670e+03   1.7015630e+01   1.2268520e+01
   2.6210940e+00   2.9705730e+00   8.5937490e-01   7.5625000e-01   3.4982640e+03   2.8298610e+03   2.9259780e+03   3.4548610e+00   5.2310680e+02   1.2363540e+03   1.7960940e+01   1.0532410e+01
   2.6239580e+00   2.9705730e+00   8.5937490e-01   7.5625000e-01   4.3315970e+03   2.7673610e+03   3.6406020e+03   3.4548610e+00   2.8702910e+03   1.1066670e+03   1.7960940e+01   1.2789350e+01
   1.5382810e+00   2.9705730e+00   8.5937490e-01   7.5625000e-01   2.7951390e+03   2.4340280e+03   3.1076620e+03   6.9097220e+00   1.9293200e+03   1.9193750e+03   1.8218750e+01   1.1400460e+01
   2.6239580e+00   2.5494790e+00   8.5937490e-01   7.5625000e-01   3.1788190e+03   2.8750000e+03   2.8273500e+03   3.4548610e+00   2.8516500e+03   3.7609380e+03   1.8218750e+01   1.1631940e+01
   2.6239580e+00   2.9705730e+00   8.5937490e-01   7.5625000e-01   3.2829860e+03   2.1041670e+03   2.9017530e+03   3.4548610e+00   2.6947570e+03   3.6802430e+03   1.7302080e+01   1.0821760e+01
   2.6239580e+00   2.9705730e+00   8.5937490e-01   7.5911460e-01   3.8993060e+03   2.4027780e+03   3.2789640e+03   3.4548610e+00   1.8695150e+03   3.4323960e+03   1.7302080e+01   1.0185190e+01
   2.6239580e+00   2.9705730e+00   8.5937490e-01   7.5625000e-01   4.3142360e+03   2.5763890e+03   3.5402430e+03   3.4548610e+00   1.9308740e+03   1.5303130e+03   1.7388020e+01   1.1631940e+01
   2.6096350e+00   2.9705730e+00   1.7044270e+00   7.5052080e-01   3.9739580e+03   2.8559030e+03   3.5246700e+03   3.4548610e+00   2.6733980e+03   3.3632290e+03   1.7388020e+01   9.2013880e+00
   2.6096350e+00   2.9705730e+00   1.7044270e+00   7.5052080e-01   3.8611110e+03   2.8854170e+03   3.4450750e+03   6.9097220e+00   1.7056310e+03   1.1960070e+03   1.8304690e+01   9.7800920e+00
   2.6096350e+00   2.9562500e+00   1.6958330e+00   7.5052080e-01   4.2621530e+03   2.5885420e+03   3.2737730e+03   6.9097220e+00   1.7809710e+03   1.7061110e+03   1.8304690e+01   1.1921300e+01
   2.6096350e+00   2.9562500e+00   1.6958330e+00   7.5625000e-01   3.4027780e+03   2.7864580e+03   3.3464470e+03   3.4548610e+00   2.6159220e+03   3.7436460e+03   1.6786460e+01   1.3136570e+01
   2.6096350e+00   2.9562500e+00   1.6958330e+00   7.5052080e-01   3.7847220e+03   2.9322920e+03   3.2114810e+03   3.4548610e+00   1.7867960e+03   1.2536460e+03   1.6786460e+01   1.1805560e+01
   2.6096350e+00   2.9562500e+00   1.6958330e+00   7.5052080e-01   4.0190970e+03   2.6979170e+03   3.3672110e+03   3.4548610e+00   1.8524270e+03   1.9164930e+03   1.9192710e+01   6.6898150e+01
   2.6096350e+00   2.9419270e+00   1.6958330e+00   7.5052080e-01   3.9357640e+03   2.8472220e+03   3.3741320e+03   3.4548610e+00   2.6904850e+03   3.3286460e+03   1.9192710e+01   1.1400460e+01
   2.6096350e+00   2.9419270e+00   2.5380210e+00   7.5052080e-01   3.8090280e+03   2.4600690e+03   3.2910760e+03   3.4548610e+00   1.6784470e+03   1.7464580e+03   1.7875000e+01   1.0185190e+01
   2.5981770e+00   2.9419270e+00   2.5408850e+00   7.5052080e-01   3.4288190e+03   2.7968750e+03   3.2858850e+03   3.4548610e+00   2.5790290e+03   3.7292360e+03   1.7875000e+01   1.6782410e+01
   3.8929680e+00   3.3630210e+00   3.3830730e+00   7.4765620e-01   3.7447920e+03   2.1788190e+03   3.4208510e+03   6.9097220e+00   2.6155340e+03   3.4122220e+03   1.7531250e+01   1.1574070e+01
   5.1877600e+00   3.3630210e+00   4.2023430e+00   7.4765620e-01   3.6232640e+03   3.0104170e+03   3.1855270e+03   3.4548610e+00   2.5794170e+03   3.4323960e+03   1.7531250e+01   1.5277780e+01
   5.1877600e+00   3.3486980e+00   5.0416670e+00   7.5052080e-01   3.4843750e+03   2.7343750e+03   3.3810530e+03   6.9097220e+00   2.5487380e+03   3.4323960e+03   1.7875000e+01   1.0358800e+01
   5.1877600e+00   3.4947920e+00   6.7203120e+00   9.5104160e-01   3.6649310e+03   2.1944450e+03   3.0955500e+03   3.4548610e+00   2.5378640e+03   3.4323960e+03   1.7875000e+01   1.0937500e+01
   6.4138020e+00   4.1421880e+00   5.7921870e+00   1.1028650e+00   3.2239580e+03   2.8385420e+03   3.6527140e+03   3.4548610e+00   1.6838830e+03   1.1643060e+03   1.7731770e+01   1.6724540e+01
   3.8528650e+00   3.3143230e+00   4.1593750e+00   7.3619790e-01   3.7326390e+03   2.9409720e+03   3.4502660e+03   6.9097220e+00   2.6978640e+03   3.8214580e+03   1.5440100e+01   1.2094910e+01
   3.8528650e+00   3.3143230e+00   3.3143230e+00   7.4192700e-01   3.4548610e+03   2.7204860e+03   2.7287210e+03   6.9097220e+00   2.6796120e+03   3.8329860e+03   1.5440100e+01   1.1053240e+01
   3.8528650e+00   3.3143230e+00   3.3143230e+00   7.4192700e-01   2.8368060e+03   2.6770830e+03   3.1526510e+03   3.4548610e+00   2.6733980e+03   3.8041670e+03   1.7302080e+01   1.3136570e+01
   3.8528650e+00   3.3143230e+00   3.3143230e+00   7.4192700e-01   3.3368060e+03   2.3940970e+03   3.2824250e+03   6.9097220e+00   2.6368930e+03   3.8041670e+03   1.7302080e+01   6.6550930e+00
   3.8528650e+00   3.3343750e+00   3.3343750e+00   7.4192700e-01   3.7968750e+03   2.9184030e+03   3.3222220e+03   6.9097220e+00   2.5891260e+03   3.4756250e+03   1.6041670e+01   7.2337960e+00
   3.8528650e+00   3.3343750e+00   2.5036460e+00   7.4192700e-01   3.4496530e+03   2.8107640e+03   3.4433450e+03   3.4548610e+00   2.6252430e+03   3.8099310e+03   1.6041670e+01   5.2662040e+00
   3.8528650e+00   3.3343750e+00   2.5065100e+00   7.4192700e-01   3.3958330e+03   2.7864580e+03   3.4900640e+03   3.4548610e+00   2.6166990e+03   1.7839240e+03   1.7445310e+01   9.8958340e+00
   3.8528650e+00   2.9190100e+00   2.5036460e+00   7.3619790e-01   3.5763890e+03   2.3975690e+03   3.1924480e+03   6.9097220e+00   2.6205830e+03   3.7782290e+03   1.7445310e+01   9.3171300e+00
   3.8528650e+00   2.9190100e+00   2.5036460e+00   7.4192700e-01   3.4565970e+03   2.7725690e+03   3.4018170e+03   6.9097220e+00   2.6104850e+03   3.3545830e+03   1.9020830e+01   9.0277780e+00
   3.8528650e+00   3.3286460e+00   2.5036460e+00   7.3619790e-01   2.9704860e+03   2.7881940e+03   3.4087380e+03   6.9097220e+00   2.5922330e+03   3.5044440e+03   1.8963540e+01   1.0069440e+01
   3.8528650e+00   2.9190100e+00   2.5036460e+00   7.4192700e-01   4.0000000e+03   2.8420140e+03   3.3585590e+03   6.9097220e+00   2.5553400e+03   5.1269790e+03   1.7502600e+01   1.7361110e+01
   3.8528650e+00   2.9190100e+00   2.5036460e+00   7.4479170e-01   3.7795140e+03   2.7291670e+03   3.3031890e+03   6.9097220e+00   2.5693200e+03   3.5275000e+03   1.7502600e+01   2.1064820e+01
   2.5752600e+00   2.9190100e+00   2.5036460e+00   7.4192700e-01   3.5503470e+03   2.8593750e+03   3.4156600e+03   6.9097220e+00   2.4982520e+03   3.8070490e+03   1.6929690e+01   4.7453700e+00
   3.8528650e+00   3.3200520e+00   4.1507810e+00   7.4192700e-01   4.2968750e+03   2.7621530e+03   3.6942420e+03   3.4548610e+00   2.7297090e+03   1.7118750e+03   1.6929690e+01   7.0601850e+00
   5.1104160e+00   3.3200520e+00   5.7893230e+00   7.4479170e-01   3.3697920e+03   2.6736110e+03   3.3343340e+03   3.4548610e+00   2.6990290e+03   4.8906600e+03   1.7531250e+01   6.3657410e+00
   3.1052080e+00   3.3143230e+00   3.3114580e+00   7.9348960e-01   3.6996530e+03   2.9982640e+03   3.2305150e+03   3.4548610e+00   2.7300970e+03   1.7349310e+03   1.7531250e+01   2.2511570e+01
   4.1364580e+00   3.7125000e+00   3.2971350e+00   1.1000000e+00   3.6614580e+03   2.7291670e+03   2.9778880e+03   3.4548610e+00   2.7351460e+03   4.0952430e+03   1.7044270e+01   1.5393520e+01
   3.6151040e+00   3.6953130e+00   4.9414060e+00   1.0942710e+00   3.4496530e+03   2.5520830e+03   3.1837960e+03   3.4548610e+00   2.7366990e+03   5.2739580e+03   1.7044270e+01   6.1921300e+00
   3.0994790e+00   3.6953130e+00   4.9414060e+00   1.0484370e+00   3.5277780e+03   2.5954860e+03   3.3326040e+03   3.4548610e+00   2.7211650e+03   4.4929520e+03   1.6815100e+01   1.3252310e+01
   3.0851560e+00   3.6953130e+00   4.9471350e+00   1.0627600e+00   3.7864580e+03   2.7204860e+03   3.3602890e+03   3.4548610e+00   2.6998060e+03   3.7811110e+03   1.6815100e+01   4.7453700e+00
   4.6263020e+00   3.6781250e+00   7.3677080e+00   1.0885420e+00   3.7065970e+03   2.8472220e+03   3.4346930e+03   3.4548610e+00   2.7145630e+03   3.4900350e+03   1.7187500e+01   4.5717590e+00
   3.0708330e+00   3.6809900e+00   6.5513020e+00   1.0770830e+00   3.9322920e+03   2.8368060e+03   3.4173900e+03   3.4548610e+00   2.6935920e+03   3.7753470e+03   1.7187500e+01   6.4814820e+00
   2.5609370e+00   3.6781250e+00   6.5197910e+00   8.2213540e-01   3.6388890e+03   2.6736110e+03   3.4035470e+03   3.4548610e+00   2.6648540e+03   4.2998610e+03   1.8763020e+01   7.2916670e+00
   2.0481770e+00   3.2684890e+00   5.7062500e+00   7.2760420e-01   3.9479170e+03   2.7031250e+03   3.4208510e+03   3.4548610e+00   2.6302910e+03   3.8099310e+03   1.8763020e+01   1.0706020e+01
   2.0510420e+00   3.2713540e+00   5.7062500e+00   7.2760420e-01   3.9392360e+03   2.8368060e+03   3.3724020e+03   3.4548610e+00   2.6190290e+03   3.3632290e+03   1.6500000e+01   1.0358800e+01
   1.5497390e+00   3.2856770e+00   4.0992180e+00   7.3046880e-01   3.7135420e+03   2.3645830e+03   3.3049190e+03   6.9097220e+00   2.6007770e+03   3.3488190e+03   1.6500000e+01   1.3888890e+01
   1.5382810e+00   3.2856770e+00   4.0992180e+00   7.3046880e-01   3.7170140e+03   2.8593750e+03   3.4000870e+03   3.4548610e+00   2.6229130e+03   3.6917710e+03   1.8390630e+01   2.3553240e+01
   1.5382810e+00   3.2856770e+00   4.0992180e+00   7.3046880e-01   3.9756940e+03   2.4305560e+03   3.4173900e+03   3.4548610e+00   2.6396120e+03   3.7724650e+03   1.8390630e+01   8.2175920e+00
   1.5382810e+00   3.2856770e+00   3.2828120e+00   7.3046880e-01   3.5694440e+03   2.6979170e+03   3.3654800e+03   6.9097220e+00   2.6256310e+03   3.4352780e+03   2.0882810e+01   9.3171300e+00
   1.5382810e+00   2.8789060e+00   3.2828120e+00   7.3046880e-01   4.1319440e+03   2.6822920e+03   3.2339760e+03   6.9097220e+00   1.7972810e+03   3.3978130e+03   2.0882810e+01   7.3495370e+00
