   1.1458300e-02   5.0416670e-01   1.4322900e-02   5.1562490e-01   4.2204860e+03   3.1093750e+03   3.4796820e+03   3.4548610e+00   3.0077670e+03   3.6917710e+03   1.9364580e+01   9.8958340e+00
   1.1458300e-02   5.0416670e-01   1.4322900e-02   6.9036460e-01   4.0364580e+03   3.1493060e+03   3.8568920e+03   3.4548610e+00   2.9817480e+03   5.0001740e+03   2.1398440e+01   4.8611110e+00
   1.1458300e-02   5.0703120e-01   1.4322900e-02   5.2135410e-01   4.1076390e+03   3.0885420e+03   3.2789640e+03   3.4548610e+00   2.9968930e+03   5.3632990e+03   2.1398440e+01   4.1087960e+00
   1.1458300e-02   5.0703120e-01   1.4322900e-02   5.2708330e-01   4.4913190e+03   2.8072920e+03   3.6284900e+03   3.4548610e+00   2.9891260e+03   4.9972920e+03   2.0367190e+01   3.8194440e+00
   1.1458300e-02   5.1276040e-01   1.1458300e-02   5.2135410e-01   4.2048610e+03   3.1180550e+03   3.7063540e+03   3.4548610e+00   2.9417480e+03   5.3892360e+03   2.0367190e+01   4.1087960e+00
   1.1458300e-02   5.0703120e-01   1.4322900e-02   5.1276040e-01   4.3524310e+03   2.7204860e+03   4.0057000e+03   3.4548610e+00   2.9386410e+03   5.3315970e+03   1.9822920e+01   4.3402780e+00
   1.1458300e-02   5.1276040e-01   1.1458300e-02   5.2708330e-01   4.3645830e+03   3.2447920e+03   3.8966900e+03   3.4548610e+00   6.1864070e+02   4.2335760e+03   1.9822920e+01   4.6296300e+00
   1.1458300e-02   5.1276040e-01   1.4322900e-02   5.2708330e-01   5.0034720e+03   3.3055550e+03   5.1753990e+03   3.4548610e+00   6.9553400e+02   1.7695140e+03   1.9794270e+01   5.8449070e+00
   1.1458300e-02   5.1562490e-01   1.4322900e-02   4.8411460e-01   4.0659720e+03   2.9322920e+03   4.1943060e+03   3.4548610e+00   2.7933980e+03   3.8963890e+03   1.9794270e+01   5.2662040e+00
   1.1458300e-02   4.9270830e-01   1.4322900e-02   3.5807290e-01   3.9947920e+03   3.4548610e+03   3.5713890e+03   3.4548610e+00   2.8555340e+03   3.9021530e+03   1.7875000e+01   5.1504630e+00
   1.1458300e-02   5.1562490e-01   1.4322900e-02   3.5520830e-01   4.1475690e+03   2.9809030e+03   3.2737730e+03   3.4548610e+00   2.8737860e+03   5.6197920e+03   1.7875000e+01   4.3402780e+00
   1.1458300e-02   3.8958330e-01   1.4322900e-02   3.5520830e-01   4.3576390e+03   2.9149300e+03   3.6336810e+03   3.4548610e+00   2.8535920e+03   5.0001740e+03   1.9651040e+01   4.9768520e+00
   1.1458300e-02   3.8958330e-01   1.4322900e-02   3.5520830e-01   4.4097220e+03   2.9340280e+03   4.1302840e+03   3.4548610e+00   6.1048540e+02   1.7147570e+03   1.9651040e+01   5.7870370e+00
   1.1458300e-02   6.4453120e-01   1.4322900e-02   1.7760420e-01   4.2031250e+03   3.0798610e+03   4.6528410e+03   3.4548610e+00   2.7848540e+03   4.7321530e+03   2.0510420e+01   4.6875000e+00
   1.1458300e-02   6.4166670e-01   1.4322900e-02   2.6927080e-01   4.4097220e+03   3.1579860e+03   3.7963310e+03   3.4548610e+00   1.1091260e+03   3.8646880e+03   2.0510420e+01   5.2662040e+00
   1.1458300e-02   8.9375000e-01   1.4322900e-02   6.7031250e-01   4.6475690e+03   2.8802080e+03   4.2756310e+03   3.4548610e+00   5.4951450e+02   3.4583330e+03   1.9507810e+01   7.8125000e+00
   1.1458300e-02   5.1562490e-01   1.4322900e-02   3.4947910e-01   4.3506940e+03   3.0190970e+03   4.0610710e+03   3.4548610e+00   1.6333980e+03   3.9597920e+03   1.9507810e+01   4.7453700e+00
   1.1458300e-02   3.8958330e-01   1.1458300e-02   4.5833330e-01   4.1684030e+03   3.1145830e+03   3.9728240e+03   3.4548610e+00   5.3281560e+02   3.9194440e+03   1.7330730e+01   4.9189820e+00
   1.1458300e-02   5.1848960e-01   1.4322900e-02   1.7760420e-01   3.5104170e+03   3.1892360e+03   4.1908450e+03   3.4548610e+00   2.6943690e+03   3.8819790e+03   1.7330730e+01   6.0185180e+00
   1.1458300e-02   5.1848960e-01   1.4322900e-02   2.3489580e-01   4.2118060e+03   3.0451390e+03   4.1596990e+03   3.4548610e+00   2.6776700e+03   3.8589240e+03   2.1513020e+01   1.0358800e+01
   1.1458300e-02   6.4453120e-01   1.4322900e-02   1.7760420e-01   4.3836810e+03   3.1371530e+03   4.1475870e+03   3.4548610e+00   1.5879610e+03   3.7494100e+03   2.1513020e+01   9.7800920e+00
   1.1458300e-02   6.4166670e-01   1.4322900e-02   1.7760420e-01   4.3680560e+03   2.5190970e+03   3.3204920e+03   3.4548610e+00   2.6264080e+03   3.3689930e+03   1.7932290e+01   7.2337960e+00
   1.2919270e+00   1.1458330e+00   1.1458300e-02   3.4947910e-01   4.0694440e+03   3.2204860e+03   3.7634550e+03   3.4548610e+00   2.6900970e+03   5.4612850e+03   1.7932290e+01   7.2337960e+00
   1.2861980e+00   2.2802080e+00   1.1458300e-02   3.4661460e-01   4.0451390e+03   3.1197920e+03   3.5073670e+03   3.4548610e+00   2.6403880e+03   3.4035760e+03   1.7244790e+01   1.2673610e+01
   1.2804690e+00   1.5182290e+00   1.4322900e-02   5.1848960e-01   2.8906250e+03   3.0555560e+03   3.3741320e+03   3.4548610e+00   2.7056310e+03   3.7522920e+03   1.7244790e+01   1.1516200e+01
   1.2776040e+00   1.1372400e+00   1.4322900e-02   3.4661460e-01   1.6788190e+03   2.8750000e+03   3.3118400e+03   3.4548610e+00   2.7809710e+03   3.7753470e+03   1.7359380e+01   4.6296300e+00
   2.5466140e+00   1.5039060e+00   1.4322900e-02   3.4661460e-01   3.2708330e+03   2.6892360e+03   3.3464470e+03   3.4548610e+00   2.8139800e+03   5.4094100e+03   1.7359380e+01   4.9768520e+00
   2.5466140e+00   2.0023440e+00   1.4322900e-02   5.1276040e-01   4.2135420e+03   2.7291670e+03   3.6925120e+03   3.4548610e+00   2.8458250e+03   3.8012850e+03   1.5955730e+01   4.6296300e+00
   2.5322920e+00   5.7263020e+00   1.4322900e-02   1.0197920e+00   3.9322920e+03   2.6215280e+03   4.1250930e+03   3.4548610e+00   2.8361160e+03   3.7782290e+03   1.5955730e+01   7.1759260e+00
   1.1458300e-02   6.3307290e-01   1.4322900e-02   3.4661460e-01   3.5399300e+03   3.2847220e+03   3.6406020e+03   3.4548610e+00   2.7382520e+03   5.7955900e+03   1.9765630e+01   4.3981480e+00
   1.1458300e-02   5.1276040e-01   1.4322900e-02   3.4661460e-01   4.0208330e+03   2.9114580e+03   3.5765800e+03   3.4548610e+00   2.6656310e+03   5.8272920e+03   1.7674480e+01   7.5231490e+00
   1.1458300e-02   5.1276040e-01   1.4322900e-02   1.7473960e-01   3.8784720e+03   2.9097220e+03   3.5367820e+03   3.4548610e+00   2.6951460e+03   5.6111460e+03   1.7674480e+01   6.9444450e+00
   1.1458300e-02   5.0703120e-01   1.4322900e-02   1.7473960e-01   4.3402780e+03   2.9687500e+03   3.3931660e+03   3.4548610e+00   2.4838840e+03   5.7811810e+03   2.0796880e+01   8.4490740e+00
   1.1458300e-02   5.0703120e-01   1.4322900e-02   3.4375000e-01   4.5989580e+03   2.8420140e+03   5.2030840e+03   6.9097220e+00   4.9048540e+02   1.6830560e+03   2.0796880e+01   7.0023150e+00
   1.1458300e-02   5.0703120e-01   1.4322900e-02   2.9791670e-01   4.6875000e+03   3.0052080e+03   5.6218230e+03   3.4548610e+00   2.6431070e+03   1.7032290e+03   1.8333330e+01   5.5555560e+00
   1.1458300e-02   5.0703120e-01   1.4322900e-02   3.4661460e-01   3.9913190e+03   2.9843750e+03   3.6544440e+03   3.4548610e+00   4.0504850e+02   3.8070490e+03   1.8333330e+01   1.0190970e+02
   1.1458300e-02   5.0703120e-01   1.4322900e-02   3.4661460e-01   4.0694440e+03   3.2065970e+03   3.9485990e+03   3.4548610e+00   4.4194170e+02   1.6686460e+03   1.8820310e+01   6.0185180e+00
   1.1458300e-02   5.0703120e-01   1.4322900e-02   3.4661460e-01   3.9565970e+03   3.0381940e+03   5.0162090e+03   3.4548610e+00   4.4815530e+02   1.6600000e+03   1.8820310e+01   7.3495370e+00
   1.1458300e-02   5.0703120e-01   1.4322900e-02   3.2656250e-01   3.8923610e+03   2.7951390e+03   4.6095830e+03   3.4548610e+00   3.8912620e+02   3.3920490e+03   2.0023440e+01   6.7129630e+00
   1.1458300e-02   5.0703120e-01   1.4322900e-02   3.4661460e-01   3.3767360e+03   3.0937500e+03   3.2512790e+03   3.4548610e+00   2.6108740e+03   4.4237850e+03   2.0023440e+01   1.4872690e+01
   1.1458300e-02   6.3307290e-01   1.4322900e-02   1.7473960e-01   3.7413190e+03   2.7777780e+03   3.4987150e+03   3.4548610e+00   3.8563110e+02   3.8473960e+03   2.1026040e+01   2.0000000e+02
   1.1458300e-02   1.2518230e+00   1.4322900e-02   1.8333330e-01   4.5034720e+03   2.6545140e+03   5.1027260e+03   3.4548610e+00   4.1398060e+02   1.2738190e+03   2.1026040e+01   4.6875000e+00
   3.7726560e+00   3.2255210e+00   1.4322900e-02   3.4375000e-01   4.0260420e+03   2.8038200e+03   3.5212090e+03   3.4548610e+00   2.6990290e+03   3.8329860e+03   1.9307290e+01   3.5879630e+00
   2.5065100e+00   3.9502600e+00   1.4322900e-02   7.1328120e-01   4.3315970e+03   2.4913190e+03   3.9191840e+03   3.4548610e+00   4.0038830e+02   1.4150350e+03   1.9221360e+01   4.0509260e+00
   1.2489580e+00   4.5174470e+00   1.4322900e-02   5.0416670e-01   4.0868060e+03   1.7812500e+03   3.4987150e+03   3.4548610e+00   6.3533980e+02   3.6427780e+03   1.8820310e+01   4.7453700e+00
   1.1458300e-02   5.4971350e+00   1.4322900e-02   3.4088540e-01   4.6822920e+03   2.8559030e+03   5.0975350e+03   3.4548610e+00   2.7794170e+03   1.7205210e+03   1.7875000e+01   5.4976850e+00
   1.1458300e-02   2.6927080e+00   1.4322900e-02   3.4088540e-01   3.9947920e+03   2.7812500e+03   3.6059960e+03   3.4548610e+00   2.8691260e+03   5.5621530e+03   1.7875000e+01   5.5555560e+00
   1.0598960e-01   6.2734370e-01   1.4322900e-02   3.4088540e-01   3.6041670e+03   2.1458330e+03   3.4121990e+03   3.4548610e+00   2.9320390e+03   5.5592710e+03   1.9794270e+01   4.9768520e+00
   1.2432290e+00   6.2734370e-01   1.4322900e-02   5.0416670e-01   4.1562500e+03   2.6458330e+03   3.7271180e+03   6.9097220e+00   2.9145630e+03   3.8531600e+03   1.9794270e+01   4.7743050e+01
   1.1458300e-02   5.0130210e-01   1.4322900e-02   3.4661460e-01   4.2309030e+03   2.4079860e+03   3.8136340e+03   3.4548610e+00   6.3184470e+02   3.8243400e+03   1.6786460e+01   4.9189820e+00
   1.1458300e-02   5.0130210e-01   1.4322900e-02   2.7213540e-01   4.5138890e+03   2.5729170e+03   5.1927030e+03   3.4548610e+00   2.7530100e+03   1.7291670e+03   1.6786460e+01   6.1921300e+00
   1.1458300e-02   5.0130210e-01   1.4322900e-02   1.7187500e-01   4.0381940e+03   3.2638890e+03   3.5402430e+03   3.4548610e+00   2.7666020e+03   4.4698960e+03   1.6786460e+01   5.7291670e+00
   1.1458300e-02   5.0130210e-01   1.4322900e-02   3.4088540e-01   3.6284720e+03   3.1892360e+03   3.2374360e+03   3.4548610e+00   2.7759220e+03   3.9886110e+03   1.6786460e+01   5.2662040e+00
   1.2432290e+00   5.0130210e-01   1.4322900e-02   5.0416670e-01   4.2968750e+03   2.9409720e+03   3.6457930e+03   3.4548610e+00   5.7475730e+02   3.4727430e+03   2.2229170e+01   5.9027780e+00
   1.2432290e+00   5.0130210e-01   1.4322900e-02   5.0130210e-01   4.7482640e+03   2.7934030e+03   5.2238480e+03   6.9097220e+00   5.6271840e+02   1.7118750e+03   2.2229170e+01   5.2083330e+00
   1.2432290e+00   5.0130210e-01   1.4322900e-02   3.4088540e-01   4.4791670e+03   2.5885420e+03   5.2722970e+03   3.4548610e+00   2.7732040e+03   1.3977430e+03   1.9450520e+01   6.0763890e+00
   1.2432290e+00   5.0130210e-01   1.4322900e-02   3.4088540e-01   3.7934030e+03   2.6197920e+03   3.4329630e+03   6.9097220e+00   2.7297090e+03   5.2595480e+03   1.9450520e+01   6.4236110e+00
   1.2432290e+00   5.0130210e-01   1.4322900e-02   3.3515630e-01   3.6875000e+03   2.8385420e+03   3.2426270e+03   3.4548610e+00   5.3281560e+02   3.1384380e+03   1.9536460e+01   5.2083330e+00
   1.2432290e+00   5.0130210e-01   1.4322900e-02   5.0703120e-01   4.3072920e+03   2.7256940e+03   5.0473550e+03   3.4548610e+00   2.6714560e+03   1.2219440e+03   1.9507810e+01   5.7870370e+00
   2.4778650e+00   6.2161460e-01   1.4322900e-02   1.7187500e-01   3.7048610e+03   3.1458330e+03   2.9865390e+03   3.4548610e+00   2.8349510e+03   5.5304510e+03   1.9507810e+01   5.9027780e+00
   6.1502600e+00   7.4192700e-01   1.4322900e-02   3.3515630e-01   3.8750000e+03   2.9270830e+03   3.3897050e+03   3.4548610e+00   2.9087380e+03   5.8215270e+03   2.0882810e+01   1.3541670e+01
   6.0843740e+00   7.3619790e-01   1.4322900e-02   6.0729160e-01   4.8940970e+03   2.4045140e+03   4.0074310e+03   3.4548610e+00   2.7118450e+03   3.8156940e+03   2.0338540e+01   5.6134260e+00
   4.8697920e+00   7.3333330e-01   1.4322900e-02   4.9843750e-01   3.7951390e+03   3.2743060e+03   3.6509840e+03   3.4548610e+00   2.7479610e+03   3.5217360e+03   2.0338540e+01   4.9768520e+00
   4.8697920e+00   6.1588540e-01   1.4322900e-02   3.3229160e-01   3.6180560e+03   2.8489580e+03   3.5298610e+03   3.4548610e+00   2.8054370e+03   4.9194790e+03   2.1255210e+01   5.2083330e+00
   2.4377600e+00   6.1588540e-01   1.4322900e-02   3.3515630e-01   4.1788190e+03   2.7552080e+03   3.7288480e+03   3.4548610e+00   7.6000000e+02   2.2392710e+03   2.1255210e+01   6.1921300e+00
   2.4377600e+00   6.1588540e-01   1.4322900e-02   3.3515630e-01   4.6302080e+03   2.6753470e+03   4.9729510e+03   6.9097220e+00   7.3902910e+02   1.6772920e+03   2.0940100e+01   6.1921300e+00
   2.4377600e+00   6.1588540e-01   1.4322900e-02   3.3515630e-01   4.2621530e+03   2.9513890e+03   5.2636460e+03   3.4548610e+00   8.9087380e+02   1.7695140e+03   2.0940100e+01   8.0439820e+00
   2.4234370e+00   6.1588540e-01   1.4322900e-02   3.3515630e-01   4.1076390e+03   3.1354170e+03   4.8570200e+03   6.9097220e+00   8.9864070e+02   3.1009720e+03   1.9593750e+01   8.2175920e+00
   2.4234370e+00   6.1588540e-01   1.4322900e-02   3.3515630e-01   3.8715280e+03   2.7534720e+03   4.1475870e+03   3.4548610e+00   8.9242720e+02   3.4352780e+03   1.9593750e+01   8.6805550e+00
   2.4234370e+00   6.1588540e-01   1.4322900e-02   3.3515630e-01   3.9913190e+03   2.5711810e+03   4.4209780e+03   3.4548610e+00   9.0718440e+02   3.5476740e+03   1.8648440e+01   9.2592590e+00
   2.4234370e+00   6.1302080e-01   1.4322900e-02   4.9843750e-01   3.9236110e+03   2.5190970e+03   4.3085070e+03   3.4548610e+00   8.9514560e+02   1.7406940e+03   1.8648440e+01   1.0937500e+01
   2.4377600e+00   6.1302080e-01   1.4322900e-02   4.8411460e-01   3.8819440e+03   1.7777780e+03   4.1960360e+03   3.4548610e+00   8.9631070e+02   2.6427430e+03   1.9507810e+01   1.2962960e+01
   2.4263020e+00   6.1302080e-01   1.4322900e-02   3.3229160e-01   3.8541670e+03   2.6319440e+03   4.0939470e+03   3.4548610e+00   9.0912620e+02   2.4121880e+03   1.9507810e+01   1.1574070e+01
   2.4234370e+00   6.1302080e-01   1.4322900e-02   3.3229160e-01   3.9652780e+03   2.7899310e+03   4.3067770e+03   3.4548610e+00   9.0873790e+02   2.4698260e+03   1.9364580e+01   1.2673610e+01
   2.4263020e+00   6.1302080e-01   1.4322900e-02   3.3229160e-01   4.0694440e+03   2.5555560e+03   4.6320780e+03   3.4548610e+00   9.0718440e+02   1.8646180e+03   1.9364580e+01   1.5856480e+01
   2.4234370e+00   6.1302080e-01   1.4322900e-02   3.0078120e-01   3.7829860e+03   1.4236110e+03   4.7185940e+03   3.4548610e+00   9.2349510e+02   1.2450000e+03   1.9364580e+01   2.1238430e+01
   1.2174480e+00   6.1302080e-01   1.4322900e-02   3.3229160e-01   4.0972220e+03   2.5555560e+03   4.6355380e+03   3.4548610e+00   9.1650480e+02   3.3171180e+03   1.9364580e+01   1.8460650e+01
   2.4263020e+00   6.1302080e-01   1.4322900e-02   2.0052080e-01   4.1059030e+03   3.0989580e+03   4.5282580e+03   3.4548610e+00   9.1650480e+02   3.8387500e+03   1.9765630e+01   2.1412040e+01
   2.4377600e+00   6.1302080e-01   1.4322900e-02   3.0364580e-01   3.5503470e+03   1.0503470e+03   3.3395260e+03   6.9097220e+00   2.9246600e+03   5.7667710e+03   1.8648440e+01   1.3541670e+01
   2.4377600e+00   6.1302080e-01   1.4322900e-02   3.3229160e-01   3.3767360e+03   1.6423610e+03   3.3343340e+03   3.4548610e+00   2.9549510e+03   5.8272920e+03   1.8648440e+01   6.6550930e+00
   3.6552080e+00   7.3046880e-01   6.6486970e+00   4.9843750e-01   4.0312500e+03   2.6822920e+03   3.4364240e+03   3.4548610e+00   2.8302910e+03   5.7523610e+03   1.9651040e+01   3.2465280e+01
   3.6552080e+00   7.3046880e-01   1.6786460e+00   3.3229160e-01   4.2986110e+03   2.8142360e+03   3.5661980e+03   3.4548610e+00   2.9033010e+03   5.9051040e+03   1.9651040e+01   2.4884260e+01
   4.8697920e+00   7.3046880e-01   8.3101560e+00   4.9843750e-01   3.9739580e+03   2.9149300e+03   3.8274770e+03   3.4548610e+00   6.6990290e+02   6.0000000e+03   2.1341150e+01   1.3784720e+02
   6.0500000e+00   8.5078120e-01   3.3257810e+00   5.9296870e-01   4.5520830e+03   1.8506940e+03   4.5663250e+03   3.4548610e+00   1.6737860e+03   4.1327080e+03   2.1341150e+01   1.9247690e+02
   4.8411460e+00   8.5078120e-01   1.6671870e+00   4.8411460e-01   4.8680560e+03   3.0677080e+03   5.1771290e+03   6.9097220e+00   9.7786410e+02   3.2911800e+03   1.8820310e+01   2.0000000e+02
   4.8440100e+00   8.5078120e-01   1.6671870e+00   4.9843750e-01   4.4079860e+03   2.8229170e+03   5.2463430e+03   6.9097220e+00   8.5825240e+02   3.2450700e+03   1.8820310e+01   1.5445600e+02
   3.6351560e+00   7.3046880e-01   1.4322900e-02   4.4687500e-01   3.9774310e+03   2.1024310e+03   4.3258100e+03   3.4548610e+00   1.1036890e+03   3.1413190e+03   2.0882810e+01   2.0000000e+02
   2.4234370e+00   7.3046880e-01   1.6614580e+00   3.3229160e-01   3.6979170e+03   2.5190970e+03   4.0178130e+03   3.4548610e+00   8.2912620e+02   4.8042020e+03   2.0882810e+01   2.0000000e+02
   2.4234370e+00   6.1302080e-01   1.4322900e-02   3.3229160e-01   3.6996530e+03   2.0902780e+03   4.2548670e+03   3.4548610e+00   2.9646600e+03   4.6399310e+02   1.7158850e+01   2.6678240e+01
   2.4234370e+00   7.3046880e-01   1.4322900e-02   3.3229160e-01   4.0208330e+03   2.3159720e+03   4.3188890e+03   6.9097220e+00   8.1864070e+02   1.4121530e+03   1.7244790e+01   1.0243060e+01
   2.4119790e+00   7.3046880e-01   1.4322900e-02   3.3229160e-01   4.1475690e+03   1.1545140e+03   4.6701450e+03   6.9097220e+00   8.1980580e+02   1.3170490e+03   1.7244790e+01   7.2337960e+00
   2.4119790e+00   7.3046880e-01   1.4322900e-02   3.3229160e-01   4.0694440e+03   1.8854170e+03   4.3067770e+03   6.9097220e+00   8.8233010e+02   1.7551040e+03   1.6671880e+01   8.5185190e+01
   2.4119790e+00   7.2760420e-01   1.4322900e-02   3.3229160e-01   3.8385420e+03   2.7899310e+03   4.4642360e+03   3.4548610e+00   9.0718440e+02   2.6110420e+03   1.6328130e+01   9.0509260e+01
   2.4119790e+00   6.0729160e-01   1.4322900e-02   3.3229160e-01   3.6649310e+03   2.2847220e+03   3.9364870e+03   3.4548610e+00   9.1844660e+02   1.1988890e+03   1.7502600e+01   5.6481480e+01
   2.4234370e+00   6.0729160e-01   1.4322900e-02   3.3229160e-01   3.8020830e+03   1.7604170e+03   4.2669790e+03   6.9097220e+00   8.9553390e+02   1.6772920e+03   1.7502600e+01   8.7962960e+01
   2.4119790e+00   7.2760420e-01   1.4322900e-02   3.3229160e-01   3.8055560e+03   1.6440970e+03   4.2825520e+03   3.4548610e+00   9.0368930e+02   2.7666670e+03   1.6299480e+01   2.0000000e+02
   2.4119790e+00   7.2760420e-01   1.4322900e-02   3.2942710e-01   3.5486110e+03   2.2118050e+03   4.1112500e+03   3.4548610e+00   9.0174760e+02   1.2795830e+03   1.6242190e+01   2.0000000e+02
   2.4119790e+00   6.0729160e-01   1.4322900e-02   3.3229160e-01   3.8645830e+03   2.6475690e+03   4.3881020e+03   3.4548610e+00   9.0990290e+02   1.7118750e+03   1.7187500e+01   2.0000000e+02
   2.4119790e+00   6.0729160e-01   1.4322900e-02   3.3229160e-01   3.8177080e+03   1.1736110e+03   4.4832700e+03   3.4548610e+00   5.0485430e+00   2.8588890e+03   1.7187500e+01   2.0000000e+02
   2.4033850e+00   7.3046880e-01   1.4322900e-02   3.2942710e-01   3.6475690e+03   9.4618050e+02   4.0351160e+03   3.4548610e+00   1.3308740e+03   3.1470830e+03   1.8161460e+01   1.9728010e+02
   3.5950520e+00   7.3046880e-01   1.4322900e-02   4.8984380e-01   3.7708330e+03   2.8107640e+03   3.6977030e+03   3.4548610e+00   1.3145630e+03   3.1586110e+03   1.8161460e+01   2.0000000e+02
   3.5950520e+00   7.2187500e-01   1.1458300e-02   3.4375000e-01   3.7847220e+03   2.3611110e+03   3.6959720e+03   3.4548610e+00   1.3192230e+03   3.2393060e+03   2.0223960e+01   2.0000000e+02
   2.3976560e+00   7.2760420e-01   1.4322900e-02   3.2942710e-01   3.7534720e+03   1.9565970e+03   3.8222860e+03   3.4548610e+00   1.3161160e+03   2.3660760e+03   2.0223960e+01   1.0185190e+02
   3.5778640e+00   8.4218750e-01   1.4322900e-02   4.8984380e-01   3.9166670e+03   2.1822920e+03   3.9780150e+03   3.4548610e+00   1.3079610e+03   3.3776390e+03   1.7674480e+01   1.9525460e+02
   3.5778640e+00   8.3645830e-01   1.4322900e-02   4.8984380e-01   3.8263890e+03   2.0034720e+03   3.7963310e+03   3.4548610e+00   1.3091260e+03   5.8128820e+03   1.7731770e+01   6.6956020e+01
   3.5778640e+00   8.3645830e-01   1.4322900e-02   4.8697910e-01   3.4809030e+03   2.8194440e+03   3.6232990e+03   3.4548610e+00   3.3899030e+03   3.8358680e+03   1.7674480e+01   1.3258100e+02
   3.5778640e+00   8.3645830e-01   1.4322900e-02   4.8697910e-01   3.5503470e+03   2.9236110e+03   3.2910760e+03   3.4548610e+00   9.1728160e+02   3.7782290e+03   1.7731770e+01   2.0000000e+02
   2.3890620e+00   7.1901040e-01   1.4322900e-02   4.3541660e-01   3.8923610e+03   2.6406250e+03   3.5246700e+03   6.9097220e+00   2.9704850e+03   4.3834380e+03   1.8906250e+01   9.4444440e+01
   2.3890620e+00   7.2187500e-01   1.4322900e-02   3.3229160e-01   4.1527780e+03   2.4895830e+03   4.2064180e+03   6.9097220e+00   2.8407770e+03   3.3459380e+03   1.8906250e+01   1.3425930e+01
   2.3747390e+00   7.2187500e-01   1.4322900e-02   3.3229160e-01   4.3680560e+03   2.7500000e+03   4.0558790e+03   3.4548610e+00   2.8493200e+03   3.1009720e+03   1.9622400e+01   3.6284720e+01
   2.3747390e+00   7.2187500e-01   1.4322900e-02   3.2656250e-01   4.1076390e+03   2.9513890e+03   4.0074310e+03   3.4548610e+00   6.5359220e+02   3.2248960e+03   1.9622400e+01   4.9305550e+01
   2.3747390e+00   7.1614580e-01   1.4322900e-02   4.8697910e-01   4.6336810e+03   2.6822920e+03   3.8240160e+03   3.4548610e+00   4.6601940e+00   9.0493060e+02   2.0023440e+01   3.5300930e+01
   2.3747390e+00   6.0156240e-01   1.4322900e-02   3.2656250e-01   4.2552080e+03   2.8732640e+03   5.0646590e+03   3.4548610e+00   1.5728160e+03   1.9164930e+03   2.0023440e+01   4.0451390e+01
   2.3747390e+00   7.1614580e-01   1.4322900e-02   4.8411460e-01   3.4045140e+03   3.0451390e+03   2.1231080e+03   3.4548610e+00   7.2077670e+02   4.1413540e+03   1.9765630e+01   5.5324070e+01
   2.3747390e+00   7.1901040e-01   1.4322900e-02   4.7265630e-01   3.5694440e+03   2.6684030e+03   3.2478180e+03   3.4548610e+00   2.8151460e+03   4.0087850e+03   1.9765630e+01   9.4675930e+01
   2.3632810e+00   7.1614580e-01   1.4322900e-02   3.2656250e-01   3.8107640e+03   2.5260420e+03   2.4293750e+03   6.9097220e+00   2.8551460e+03   3.2047220e+03   2.0739580e+01   2.0000000e+02
   2.3632810e+00   7.1901040e-01   1.4322900e-02   3.2656250e-01   3.4409720e+03   1.2413190e+03   2.9709670e+03   3.4548610e+00   6.8932040e+02   3.9223260e+03   2.0739580e+01   2.0000000e+02
   2.3632810e+00   6.0156240e-01   1.4322900e-02   3.2656250e-01   4.1944440e+03   2.7361110e+03   3.5627370e+03   3.4548610e+00   2.2664080e+03   3.8531600e+03   2.0911460e+01   1.9293980e+02
   2.3632810e+00   7.1328120e-01   1.4322900e-02   3.2656250e-01   4.2048610e+03   2.6371530e+03   3.1128530e+03   3.4548610e+00   2.8384470e+03   3.8358680e+03   2.0911460e+01   2.0000000e+02
   1.1859370e+00   5.9869790e-01   1.4322900e-02   6.4453120e-01   4.1302080e+03   2.8298610e+03   3.1595720e+03   6.9097220e+00   6.7766990e+02   3.8445140e+03   2.0596350e+01   3.0729170e+01
   2.3518230e+00   5.9869790e-01   1.4322900e-02   3.6093750e-01   4.1440970e+03   1.7517360e+03   3.0055730e+03   6.9097220e+00   2.7817480e+03   3.3200000e+03   2.0596350e+01   3.1018520e+01
   2.3489580e+00   5.9869790e-01   1.4322900e-02   4.0104160e-01   4.0138890e+03   3.0364580e+03   3.1042010e+03   3.4548610e+00   2.8384470e+03   2.7493750e+03   2.0768230e+01   2.0000000e+02
   2.3489580e+00   7.1328120e-01   1.4322900e-02   3.3515630e-01   3.8454860e+03   2.8315970e+03   2.9069440e+03   6.9097220e+00   6.5009700e+02   3.8445140e+03   2.0768230e+01   1.9328700e+02
   2.3489580e+00   7.1328120e-01   1.4322900e-02   3.2083330e-01   3.6909720e+03   2.4114580e+03   2.9190570e+03   3.4548610e+00   2.8473790e+03   3.8733330e+03   2.1799480e+01   1.0538190e+02
   2.3489580e+00   7.1328120e-01   1.4322900e-02   4.0104160e-01   3.5520830e+03   2.9965280e+03   2.2476910e+03   3.4548610e+00   2.9801940e+03   4.3776730e+03   2.1799480e+01   1.3061340e+02
   2.3518230e+00   7.1328120e-01   1.4322900e-02   3.2656250e-01   4.1597220e+03   2.8315970e+03   3.1163140e+03   3.4548610e+00   2.8924270e+03   3.5937850e+03   2.1656250e+01   5.2199070e+01
   2.3489580e+00   7.1328120e-01   1.4322900e-02   4.7265630e-01   4.1267360e+03   2.4722220e+03   2.9657750e+03   3.4548610e+00   2.7782520e+03   5.6774300e+03   2.1656250e+01   4.0625000e+01
   2.3489580e+00   7.1328120e-01   1.4322900e-02   4.7838540e-01   4.4201390e+03   2.5815970e+03   3.2287850e+03   3.4548610e+00   5.9805820e+02   3.7321180e+03   2.1914060e+01   6.0821760e+01
   2.3489580e+00   7.1328120e-01   1.4322900e-02   4.7838540e-01   4.7065970e+03   2.9322920e+03   4.1199020e+03   3.4548610e+00   2.6998060e+03   2.3257290e+03   2.1914060e+01   7.4652780e+00
   2.3489580e+00   7.0755210e-01   1.4322900e-02   4.7838540e-01   3.9930560e+03   2.9704860e+03   2.6335530e+03   6.9097220e+00   2.9444660e+03   4.2047570e+03   2.0911460e+01   3.5358800e+01
   2.3489580e+00   5.9296870e-01   1.4322900e-02   4.7838540e-01   3.7586810e+03   2.3628470e+03   2.2771060e+03   3.4548610e+00   2.9545630e+03   3.7522920e+03   2.0911460e+01   3.1539350e+01
   2.3489580e+00   5.9296870e-01   1.4322900e-02   4.7838540e-01   3.8645830e+03   2.4982640e+03   2.7114180e+03   3.4548610e+00   9.8873790e+02   5.2624310e+03   2.3059900e+01   4.3923610e+01
   2.3489580e+00   5.9010420e-01   1.4322900e-02   4.7838540e-01   3.4184030e+03   2.4930550e+03   2.8654170e+03   3.4548610e+00   3.0489320e+03   5.7898270e+03   2.3059900e+01   2.5810180e+01
   2.3489580e+00   5.9010420e-01   1.4322900e-02   3.2083330e-01   3.8802080e+03   2.2760420e+03   2.6335530e+03   3.4548610e+00   2.9145630e+03   5.1413890e+03   2.3661460e+01   5.3298610e+01
   2.3375000e+00   5.9296870e-01   1.4322900e-02   4.7838540e-01   4.1597220e+03   2.7326390e+03   2.9346300e+03   3.4548610e+00   3.0322330e+03   3.8012850e+03   2.3661460e+01   3.7152780e+01
   2.3375000e+00   5.9296870e-01   1.4322900e-02   4.7838540e-01   3.9444440e+03   2.5625000e+03   3.0574830e+03   3.4548610e+00   6.7805820e+02   5.2797220e+03   2.4205730e+01   9.2013880e+00
   2.3346350e+00   5.9296870e-01   1.4322900e-02   4.7552080e-01   4.9843750e+03   2.0381940e+03   4.8881660e+03   3.4548610e+00   7.5145630e+02   3.3286460e+03   2.4205730e+01   1.9299770e+02
   2.3375000e+00   5.9010420e-01   1.4322900e-02   4.7838540e-01   2.6059030e+03   3.0833330e+03   3.7980610e+03   3.4548610e+00   2.0326210e+03   3.8675700e+03   2.3203130e+01   8.2118060e+01
   2.3375000e+00   5.9010420e-01   1.4322900e-02   4.7838540e-01   3.6753470e+03   3.1857640e+03   2.3169040e+03   3.4548610e+00   3.0978640e+03   5.6659020e+03   2.3203130e+01   1.0075230e+02
   2.3375000e+00   7.0755210e-01   1.4322900e-02   4.7838540e-01   3.6961810e+03   3.0399310e+03   2.4224540e+03   6.9097220e+00   2.9312620e+03   4.5534720e+03   2.2372400e+01   5.4803240e+01
   1.1716150e+00   5.9010420e-01   1.4322900e-02   6.1588540e-01   4.2361110e+03   2.6128470e+03   2.4553300e+03   3.4548610e+00   3.0881550e+03   4.2998610e+03   2.2372400e+01   5.0115740e+01
   2.3375000e+00   5.9296870e-01   1.4322900e-02   4.7838540e-01   4.0173610e+03   2.7708330e+03   2.5470370e+03   3.4548610e+00   3.0768930e+03   4.8964240e+03   2.2085940e+01   2.2569440e+01
   1.3320310e+00   5.9010420e-01   1.4322900e-02   4.7838540e-01   4.3506940e+03   3.1510420e+03   2.8031250e+03   3.4548610e+00   3.0605830e+03   4.1989930e+03   2.2085940e+01   5.4918980e+01
   1.1716150e+00   5.9010420e-01   1.4322900e-02   6.3593750e-01   4.5138890e+03   2.9722220e+03   3.0747860e+03   3.4548610e+00   3.0675730e+03   3.4035760e+03   2.0596350e+01   3.7152780e+01
   1.1716150e+00   5.9010420e-01   1.4322900e-02   5.1276040e-01   3.6805550e+03   2.7430560e+03   2.8706080e+03   6.9097220e+00   3.0598060e+03   3.9799650e+03   2.0596350e+01   8.2986110e+01
   1.1744790e+00   5.9010420e-01   1.4322900e-02   5.1276040e-01   2.7187500e+03   3.1527780e+03   2.7719790e+03   3.4548610e+00   2.8260190e+03   4.1182990e+03   2.0825520e+01   6.0995370e+01
   1.4007810e+00   5.9010420e-01   1.4322900e-02   4.7552080e-01   4.6041670e+03   3.2274310e+03   4.2081480e+03   3.4548610e+00   5.4368930e+00   1.1383680e+03   2.0825520e+01   9.8379630e+00
   1.1744790e+00   7.0468740e-01   1.4322900e-02   3.2656250e-01   4.5833330e+03   2.9583330e+03   2.3099830e+03   3.4548610e+00   3.1075730e+03   3.8733330e+03   1.7302080e+01   3.2523150e+01
   2.3346350e+00   7.0755210e-01   1.4322900e-02   8.1354170e-01   2.5607640e+03   2.4253470e+03   2.2390390e+03   3.4548610e+00   3.1332040e+03   4.5505900e+03   1.7302080e+01   3.4722220e+01
   2.3375000e+00   7.0755210e-01   1.4322900e-02   6.3307290e-01   3.8489580e+03   1.9045140e+03   2.3359380e+03   3.4548610e+00   2.4139800e+03   3.7494100e+03   1.8763020e+01   2.7719910e+01
   2.3375000e+00   7.0468740e-01   1.4322900e-02   4.8984380e-01   4.1961810e+03   1.8559030e+03   2.5297340e+03   3.4548610e+00   3.1634950e+03   4.1384720e+03   1.8763020e+01   7.6041670e+01
   2.3346350e+00   7.0755210e-01   1.4322900e-02   4.7552080e-01   4.2951390e+03   2.7326390e+03   2.9173260e+03   3.4548610e+00   3.0722330e+03   5.5333330e+03   1.8018230e+01   3.0034720e+01
   2.3231770e+00   7.0182290e-01   1.4322900e-02   4.9270830e-01   4.3854170e+03   3.0156250e+03   3.2097510e+03   6.9097220e+00   2.9937860e+03   3.8329860e+03   1.8018230e+01   3.5416660e+01
   2.3260410e+00   8.1640620e-01   1.4322900e-02   7.9062500e-01   4.3767360e+03   2.6822920e+03   3.0903590e+03   6.9097220e+00   2.9704850e+03   2.8819440e+03   1.7101560e+01   1.4409720e+01
   3.0794270e+00   2.9333330e+00   1.1315100e+00   2.3947920e+00   3.9843750e+03   3.1180550e+03   2.8204280e+03   6.9097220e+00   2.9487380e+03   3.2104860e+03   1.7101560e+01   2.0486110e+01
   3.0794270e+00   2.9333330e+00   1.4322900e-02   2.9906250e+00   4.4340280e+03   2.8038200e+03   3.4000870e+03   6.9097220e+00   8.0466020e+02   1.6686460e+03   1.7645830e+01   5.2951390e+01
   3.0794270e+00   3.4203120e+00   1.4322900e-02   2.4635420e+00   4.5052080e+03   2.4843750e+03   2.5591490e+03   6.9097220e+00   7.9300970e+02   3.8445140e+03   1.7645830e+01   2.5578700e+01
   3.0651040e+00   2.9333330e+00   1.4322900e-02   2.4091140e+00   3.4184030e+03   3.2152780e+03   2.5453070e+03   6.9097220e+00   3.0508740e+03   5.3892360e+03   1.6070310e+01   3.3564820e+01
   3.0651040e+00   3.4346350e+00   1.4322900e-02   2.4091140e+00   3.7604170e+03   2.2256940e+03   2.3255560e+03   6.9097220e+00   3.0539800e+03   3.6888890e+03   1.6070310e+01   1.3831020e+01
   3.0651040e+00   3.9072920e+00   1.4322900e-02   1.8075520e+00   4.0815970e+03   2.9409720e+03   2.6543170e+03   6.9097220e+00   3.0458250e+03   5.0030560e+03   1.6958330e+01   3.3043980e+01
   6.0270830e+00   5.7692700e+00   3.2942710e+00   2.9361980e+00   3.0572920e+03   2.7013890e+03   2.3774650e+03   3.4548610e+00   2.9149510e+03   5.0001740e+03   1.4924480e+01   6.4236110e+00
   4.5002600e+00   4.3283850e+00   1.1028650e+00   2.9505210e+00   3.9166670e+03   3.1006940e+03   2.3255560e+03   6.9097220e+00   2.8877670e+03   5.8042360e+03   1.5898440e+01   6.6550930e+00
   4.4973960e+00   3.8500000e+00   1.1458300e-02   2.9505210e+00   4.2013890e+03   2.0399310e+03   2.6560470e+03   3.4548610e+00   5.9533980e+02   3.8099310e+03   1.5898440e+01   6.0185180e+00
   4.4973960e+00   4.3111980e+00   1.1028650e+00   2.8960940e+00   4.9114580e+03   2.6562500e+03   4.9418060e+03   3.4548610e+00   7.5106790e+02   1.7003470e+03   1.5726560e+01   6.6550930e+00
   4.4973960e+00   3.8299480e+00   1.4322900e-02   2.3489580e+00   2.8593750e+03   3.3611110e+03   2.3203650e+03   3.4548610e+00   2.9615530e+03   5.8676390e+03   1.6013020e+01   5.5555560e+00
   4.4973960e+00   3.8299480e+00   1.4322900e-02   2.3489580e+00   4.1128470e+03   2.9548610e+03   2.3082520e+03   6.9097220e+00   2.8508740e+03   4.9857640e+03   1.6013020e+01   9.7800920e+00
   4.4973960e+00   3.3544270e+00   1.0942710e+00   2.3489580e+00   4.3645830e+03   2.2152780e+03   2.6750810e+03   3.4548610e+00   2.0108740e+03   3.8675700e+03   1.6098960e+01   3.9699070e+01
   4.4973960e+00   4.3083330e+00   1.4322900e-02   2.3489580e+00   4.3437500e+03   2.3472220e+03   3.6267590e+03   3.4548610e+00   2.8594170e+03   1.7406940e+03   1.6098960e+01   2.0000000e+02
   4.4973960e+00   3.3544270e+00   1.4322900e-02   2.4320310e+00   4.3333330e+03   2.6579860e+03   3.6579050e+03   3.4548610e+00   7.0330100e+02   3.7897570e+03   1.6643230e+01   1.5335650e+01
   4.4973960e+00   3.8299480e+00   1.4322900e-02   2.9505210e+00   4.3246530e+03   1.5989580e+03   3.5333220e+03   3.4548610e+00   1.5266020e+03   3.2594790e+03   1.6643230e+01   1.2384260e+01
   4.4716140e+00   3.8299480e+00   1.4322900e-02   2.9190100e+00   4.4097220e+03   2.9201390e+03   3.6198380e+03   3.4548610e+00   2.8625240e+03   1.3718060e+03   1.6585940e+01   8.2175920e+00
   4.4716140e+00   3.3372400e+00   1.1458300e-02   2.7098960e+00   3.9670140e+03   3.0711800e+03   2.7685190e+03   6.9097220e+00   7.1766990e+02   3.8329860e+03   1.6585940e+01   3.5937500e+01
   4.4716140e+00   3.3372400e+00   1.4322900e-02   2.3346350e+00   3.7708330e+03   2.9583330e+03   3.0471010e+03   3.4548610e+00   6.6407760e+02   3.8214580e+03   1.7817710e+01   4.0798610e+01
   4.4716140e+00   3.3401040e+00   1.4322900e-02   2.9190100e+00   3.5920140e+03   1.9461810e+03   3.2772340e+03   3.4548610e+00   7.1922330e+02   2.8819440e+03   1.7817710e+01   3.2465280e+01
   4.4716140e+00   3.3401040e+00   1.4322900e-02   2.3375000e+00   4.3211810e+03   2.2916670e+03   4.4105960e+03   3.4548610e+00   8.8737860e+02   2.6254510e+03   1.6729170e+01   7.2337960e+00
   4.4716140e+00   3.8127600e+00   1.4322900e-02   2.3375000e+00   4.3559030e+03   2.5243060e+03   4.1596990e+03   6.9097220e+00   8.5048540e+02   1.7868060e+03   1.6729170e+01   6.4236110e+00
   2.9677080e+00   4.2682290e+00   1.0942710e+00   2.8130210e+00   4.3177080e+03   2.9114580e+03   3.5506250e+03   3.4548610e+00   3.5479610e+03   5.3143060e+03   1.6786460e+01   5.3240740e+00
   2.9677080e+00   3.7955730e+00   1.4322900e-02   2.9046870e+00   3.1076390e+03   3.1840280e+03   3.5419730e+03   3.4548610e+00   3.5293200e+03   5.3200690e+03   1.6786460e+01   5.4976850e+00
   2.9848960e+00   3.7955730e+00   1.0942710e+00   2.9190100e+00   4.4270830e+03   2.5173610e+03   3.6942420e+03   3.4548610e+00   3.5425240e+03   3.9338540e+03   1.7244790e+01   5.3240740e+00
   2.9848960e+00   3.7955730e+00   1.0914060e+00   1.8877600e+00   4.3472220e+03   1.3732640e+03   3.7305790e+03   3.4548610e+00   3.4912620e+03   5.2422570e+03   1.7502600e+01   6.3657410e+00
   2.9820310e+00   3.7955730e+00   1.0942710e+00   2.3375000e+00   4.4809030e+03   2.8506950e+03   3.8482410e+03   3.4548610e+00   3.4699030e+03   5.3200690e+03   1.7502600e+01   3.4143520e+01
   2.9848960e+00   3.8127600e+00   1.1028650e+00   2.3346350e+00   4.5642360e+03   2.4079860e+03   2.5643400e+03   6.9097220e+00   3.4380580e+03   5.2047920e+03   1.7932290e+01   1.4699070e+01
   2.9992190e+00   3.3372400e+00   1.1057290e+00   2.3375000e+00   4.4947920e+03   3.2187500e+03   2.6854630e+03   3.4548610e+00   3.3949510e+03   5.2509030e+03   1.7932290e+01   5.7870370e+00
   2.9992190e+00   3.3372400e+00   1.1085940e+00   2.9476560e+00   4.8628470e+03   2.9444450e+03   4.7843460e+03   3.4548610e+00   3.9122330e+03   1.5303130e+03   1.7760420e+01   6.4814820e+00
   2.9848960e+00   3.3544270e+00   1.1057290e+00   2.9505210e+00   3.5503470e+03   3.3871530e+03   2.3740050e+03   3.4548610e+00   3.7475730e+03   3.2969440e+03   1.7760420e+01   5.1504630e+00
   2.9992190e+00   3.3544270e+00   1.1143230e+00   1.9335940e+00   4.3350690e+03   1.9531250e+03   2.4241840e+03   3.4548610e+00   3.6928150e+03   4.2998610e+03   1.9479170e+01   5.8449070e+00
   3.0192710e+00   3.3544270e+00   1.1200520e+00   1.7731770e+00   4.2829860e+03   2.0781250e+03   2.9138660e+03   3.4548610e+00   3.5499030e+03   3.2479510e+03   1.7330730e+01   1.8229170e+01
   3.0135410e+00   3.3544270e+00   1.4322900e-02   1.8963540e+00   4.6701390e+03   3.0468750e+03   3.3931660e+03   3.4548610e+00   3.5099030e+03   3.3401740e+03   1.7330730e+01   5.7870370e+00
   3.0335940e+00   3.3687500e+00   1.1286460e+00   2.5093750e+00   4.1423610e+03   3.1805560e+03   2.5902950e+03   3.4548610e+00   5.2873780e+03   3.7378820e+03   1.7731770e+01   5.5555560e+00
   3.0335940e+00   3.3687500e+00   1.1315100e+00   2.3833330e+00   4.6736110e+03   3.1701390e+03   3.4018170e+03   3.4548610e+00   3.8454370e+03   5.0261110e+03   1.7674480e+01   5.1504630e+00
   3.0479160e+00   3.3687500e+00   1.1372400e+00   2.3489580e+00   4.7777780e+03   2.9965280e+03   3.2599310e+03   3.4548610e+00   4.1005830e+03   5.8474650e+03   1.8476560e+01   5.4398150e+00
   3.0479160e+00   3.3859370e+00   1.1315100e+00   2.4091140e+00   4.5295140e+03   3.4149310e+03   2.4916670e+03   3.4548610e+00   4.0085440e+03   5.6601390e+03   1.8505210e+01   5.3240740e+00
   3.0335940e+00   3.3859370e+00   1.1286460e+00   3.0106770e+00   4.5138890e+03   3.3263890e+03   2.7356420e+03   3.4548610e+00   4.0198060e+03   5.6486110e+03   1.6729170e+01   5.1504630e+00
   3.0335940e+00   3.4002600e+00   1.1286460e+00   2.3518230e+00   4.7118060e+03   3.3454860e+03   2.6820020e+03   6.9097220e+00   3.9984470e+03   3.1413190e+03   1.6729170e+01   1.6168980e+02
   3.0479160e+00   3.4002600e+00   1.1286460e+00   2.4091140e+00   4.8072920e+03   3.1840280e+03   2.2390390e+03   3.4548610e+00   3.9332040e+03   3.7753470e+03   1.8390630e+01   4.6875000e+00
   3.0651040e+00   3.4002600e+00   1.1171870e-01   2.6039060e+00   5.2795140e+03   3.5225690e+03   4.3275410e+03   3.4548610e+00   2.0846600e+03   3.7811110e+03   1.5869790e+01   7.1759260e+00
   3.0651040e+00   3.4002600e+00   1.4322900e-02   3.0106770e+00   4.9739580e+03   3.6232640e+03   3.6873210e+03   3.4548610e+00   2.1079610e+03   2.5505210e+03   1.5325520e+01   1.2731480e+01
   2.6955730e+00   3.4145830e+00   1.4322900e-02   2.4091140e+00   4.4218750e+03   3.3784720e+03   3.0367190e+03   3.4548610e+00   2.1087380e+03   1.9770140e+03   1.5325520e+01   6.3078700e+00
   1.5354170e+00   3.4203120e+00   1.4322900e-02   1.8075520e+00   4.4739580e+03   3.4392360e+03   2.8584950e+03   3.4548610e+00   2.0916500e+03   2.1787500e+03   1.4781250e+01   7.6388890e+00
   1.5611980e+00   3.9817710e+00   1.4322900e-02   2.4463540e+00   4.7256940e+03   3.1059030e+03   2.3999590e+03   3.4548610e+00   4.7638830e+03   4.2969790e+03   1.3463540e+01   3.8773150e+00
   1.5611980e+00   3.4833330e+00   1.4322900e-02   2.4348960e+00   4.2864580e+03   3.0416670e+03   2.0625460e+03   3.4548610e+00   4.7906800e+03   3.8243400e+03   1.3750000e+01   4.0509260e+00
   1.5611980e+00   3.4833330e+00   1.4322900e-02   2.4205730e+00   4.2899310e+03   2.5364580e+03   2.2044330e+03   3.4548610e+00   4.7844660e+03   5.1615630e+03   1.3750000e+01   3.9930560e+00
   1.5497390e+00   3.4661460e+00   1.4322900e-02   2.4205730e+00   4.4166670e+03   3.5017360e+03   2.2078940e+03   3.4548610e+00   4.7394170e+03   4.4209030e+03   1.5526040e+01   4.0509260e+00
   1.5526040e+00   3.4661460e+00   1.4322900e-02   2.6783850e+00   4.8541670e+03   3.1093750e+03   2.1040740e+03   3.4548610e+00   4.7289320e+03   3.8387500e+03   1.5526040e+01   4.2824070e+00
   1.5497390e+00   2.9763020e+00   1.4322900e-02   2.6096350e+00   4.5954860e+03   3.5104170e+03   2.1490630e+03   3.4548610e+00   4.7530100e+03   4.7379170e+03   1.4179690e+01   4.0509260e+00
   1.5440100e+00   2.9619790e+00   1.1458300e-02   2.9791670e+00   4.3559030e+03   3.3072920e+03   2.4587910e+03   3.4548610e+00   4.7168930e+03   4.7321530e+03   1.6070310e+01   3.7037040e+00
   3.0794270e+00   3.4432290e+00   1.4322900e-02   3.4289060e+00   4.8159720e+03   3.5260420e+03   2.7269910e+03   3.4548610e+00   4.5902910e+03   5.6601390e+03   1.4523440e+01   1.4756940e+01
   3.0651040e+00   3.4203120e+00   1.1458300e-02   2.9648440e+00   4.9288190e+03   3.5364580e+03   2.3878470e+03   3.4548610e+00   4.5036890e+03   5.7638890e+03   1.4322920e+01   3.7037040e+00
   3.0651040e+00   3.4145830e+00   1.1458300e-02   2.9648440e+00   5.0711810e+03   3.4843750e+03   2.2788370e+03   3.4548610e+00   4.5992230e+03   5.7610070e+03   1.4322920e+01   4.0509260e+00
   3.0479160e+00   3.4145830e+00   1.1458300e-02   2.3690100e+00   4.6250000e+03   3.1493060e+03   2.7702490e+03   3.4548610e+00   2.1899030e+03   3.7580550e+03   1.4924480e+01   4.8611110e+00
   3.0479160e+00   3.4145830e+00   1.4322900e-02   2.2630210e+00   5.9131940e+03   3.0138890e+03   3.8015220e+03   3.4548610e+00   2.2271840e+03   3.7522920e+03   1.6098960e+01   5.3240740e+00
   3.0479160e+00   3.4203120e+00   1.1458300e-02   2.0625000e+00   5.6614580e+03   3.6961810e+03   3.2010990e+03   3.4548610e+00   2.1809710e+03   3.7753470e+03   1.6098960e+01   6.4236110e+00
   3.0479160e+00   3.4002600e+00   1.4322900e-02   2.3690100e+00   4.7065970e+03   3.7569440e+03   2.8827200e+03   3.4548610e+00   2.1887380e+03   3.7724650e+03   1.4953130e+01   6.7129630e+00
   3.0479160e+00   3.4002600e+00   1.4322900e-02   1.7789060e+00   4.8541670e+03   3.6406250e+03   2.5937560e+03   3.4548610e+00   2.2240780e+03   3.7465280e+03   1.4953130e+01   6.5972220e+00
   3.0479160e+00   2.9190100e+00   1.4322900e-02   1.7789060e+00   4.6996530e+03   3.5590280e+03   2.6802720e+03   3.4548610e+00   2.1984470e+03   3.7580550e+03   1.4638020e+01   6.8865740e+00
   3.0479160e+00   2.9190100e+00   1.4322900e-02   1.7789060e+00   3.6024310e+03   3.6232640e+03   2.5712610e+03   3.4548610e+00   2.2085440e+03   3.7724650e+03   1.4638020e+01   7.2916670e+00
   3.0479160e+00   2.9190100e+00   1.4322900e-02   2.3690100e+00   4.7239580e+03   3.3055550e+03   2.7096880e+03   3.4548610e+00   2.2147570e+03   3.7465280e+03   1.4867190e+01   6.5972220e+00
   3.0479160e+00   2.9190100e+00   1.4322900e-02   2.3747390e+00   4.9982640e+03   3.4930550e+03   2.9675060e+03   3.4548610e+00   2.2054370e+03   3.7494100e+03   1.4867190e+01   8.1018510e+00
   3.0479160e+00   2.9190100e+00   1.4322900e-02   2.2372400e+00   5.1562500e+03   3.4357640e+03   2.7806310e+03   3.4548610e+00   2.1867960e+03   4.9972920e+03   1.5898440e+01   9.8958340e+00
   3.0479160e+00   2.9190100e+00   1.4322900e-02   1.7789060e+00   5.0868060e+03   3.4288190e+03   2.9017530e+03   3.4548610e+00   2.1844660e+03   3.7638190e+03   1.5898440e+01   9.9537040e+00
   3.0479160e+00   3.4002600e+00   1.4322900e-02   2.3690100e+00   5.0729170e+03   3.3281250e+03   2.5591490e+03   3.4548610e+00   2.2027190e+03   3.7465280e+03   1.7044270e+01   6.1342590e+00
   3.0479160e+00   2.9190100e+00   1.4322900e-02   2.3690100e+00   4.5468750e+03   3.1979170e+03   2.8065860e+03   3.4548610e+00   2.2003880e+03   5.4612850e+03   1.7072920e+01   6.8865740e+00
   3.0479160e+00   2.9190100e+00   1.4322900e-02   2.0080730e+00   4.6614580e+03   3.3142360e+03   2.3878470e+03   3.4548610e+00   2.2034950e+03   3.7378820e+03   1.6786460e+01   8.0439820e+00
   3.0479160e+00   2.9476560e+00   1.4322900e-02   1.8648440e+00   4.7256940e+03   3.2934030e+03   2.6058680e+03   3.4548610e+00   2.2163110e+03   3.7465280e+03   1.6786460e+01   8.7962960e+00
   3.0278640e+00   3.4002600e+00   1.4322900e-02   2.3747390e+00   4.8819440e+03   2.9600690e+03   2.7460240e+03   3.4548610e+00   2.3141750e+03   3.8387500e+03   1.5583330e+01   1.6030090e+01
   3.0335940e+00   3.4002600e+00   1.4322900e-02   2.6468750e+00   4.7430560e+03   3.1579860e+03   2.5608800e+03   3.4548610e+00   2.0640780e+03   3.7436460e+03   1.5583330e+01   1.1226850e+01
   3.0335940e+00   3.8671870e+00   2.2171870e+00   2.9505210e+00   4.9496530e+03   3.2413190e+03   3.0055730e+03   3.4548610e+00   2.1666020e+03   3.7234720e+03   1.6442710e+01   4.7569450e+01
   4.5432290e+00   3.8671870e+00   2.2171870e+00   2.8101560e+00   4.4965280e+03   3.2569450e+03   2.2822970e+03   3.4548610e+00   2.0796120e+03   5.8417010e+03   1.6184900e+01   6.0185180e+00
   4.5432290e+00   3.8671870e+00   3.3372400e+00   2.3604170e+00   4.6527780e+03   3.0381940e+03   2.3895780e+03   3.4548610e+00   2.4147570e+03   5.8272920e+03   1.6184900e+01   6.0185180e+00
   3.0335940e+00   3.3830730e+00   1.1458300e-02   2.9648440e+00   4.6284720e+03   3.4218750e+03   2.3117130e+03   6.9097220e+00   4.8120390e+03   5.4353470e+03   1.6213540e+01   3.8773150e+00
   4.5432290e+00   3.8671870e+00   1.1458300e-02   2.9648440e+00   4.4166670e+03   2.9635420e+03   2.1265680e+03   3.4548610e+00   4.9339800e+03   3.9367360e+03   1.6242190e+01   3.8194440e+00
   3.0335940e+00   3.3830730e+00   1.4322900e-02   2.3833330e+00   4.6093750e+03   3.3784720e+03   2.0833100e+03   3.4548610e+00   3.6528150e+03   4.7840280e+03   1.7875000e+01   3.8194440e+00
   3.0335940e+00   3.3859370e+00   1.1200520e+00   2.2687500e+00   5.2777780e+03   2.6718750e+03   2.5418460e+03   3.4548610e+00   3.4229130e+03   5.7754170e+03   1.7875000e+01   4.9189820e+00
   3.0335940e+00   3.3830730e+00   1.4322900e-02   2.3833330e+00   5.4236110e+03   3.2569450e+03   2.7685190e+03   3.4548610e+00   1.0229130e+03   3.7061810e+03   1.9794270e+01   5.4398150e+00
   3.0278640e+00   3.3859370e+00   1.1458300e-02   2.3833330e+00   5.5138890e+03   3.5677080e+03   4.1943060e+03   3.4548610e+00   9.5844660e+02   3.5275000e+03   1.9794270e+01   6.6550930e+00
   3.0335940e+00   3.3830730e+00   1.1200520e+00   2.3833330e+00   5.6406250e+03   3.6006940e+03   2.8221580e+03   3.4548610e+00   3.2489320e+03   3.8646880e+03   1.7817710e+01   6.1921300e+00
   3.0278640e+00   3.3830730e+00   1.4322900e-02   2.3804690e+00   4.6614580e+03   3.8524310e+03   2.4311050e+03   3.4548610e+00   3.2768930e+03   3.8618060e+03   1.7817710e+01   7.2916670e+00
   3.0335940e+00   3.3830730e+00   1.4322900e-02   1.8533850e+00   4.5138890e+03   3.3784720e+03   2.3013310e+03   3.4548610e+00   9.9961160e+02   3.8877430e+03   1.8763020e+01   6.3657410e+00
   3.0278640e+00   2.9046870e+00   1.4322900e-02   2.4234370e+00   4.8715280e+03   3.1180550e+03   3.7184660e+03   3.4548610e+00   1.0073790e+03   1.5764240e+03   1.8763020e+01   8.5069450e+00
   3.0335940e+00   3.3859370e+00   1.4322900e-02   2.3833330e+00   4.8784720e+03   3.1354170e+03   3.5886920e+03   3.4548610e+00   1.1231070e+03   3.8445140e+03   1.7244790e+01   7.8703700e+00
   3.0335940e+00   2.9046870e+00   1.1143230e+00   2.9791670e+00   4.8819440e+03   3.3003470e+03   3.8136340e+03   3.4548610e+00   1.0982520e+03   3.7667010e+03   1.7244790e+01   1.2962960e+01
   3.0335940e+00   3.3830730e+00   1.4322900e-02   2.9763020e+00   4.8541670e+03   3.0920140e+03   3.9797460e+03   3.4548610e+00   1.0407770e+03   2.3199650e+03   1.8190100e+01   9.4907410e+00
   3.0278640e+00   3.3830730e+00   1.4322900e-02   2.3690100e+00   4.9218750e+03   3.3454860e+03   3.5506250e+03   3.4548610e+00   1.0932040e+03   2.8387150e+03   1.8190100e+01   2.3958330e+01
   3.0335940e+00   3.3830730e+00   1.4322900e-02   1.7817710e+00   4.4010420e+03   3.5677080e+03   2.1871300e+03   3.4548610e+00   3.4768930e+03   4.9137150e+03   1.5669270e+01   1.5046300e+01
   3.0335940e+00   3.3830730e+00   1.4322900e-02   2.3747390e+00   4.1562500e+03   2.9375000e+03   3.4416150e+03   6.9097220e+00   8.5825240e+02   3.3027080e+03   1.5669270e+01   7.8703700e+00
   3.0335940e+00   3.3830730e+00   1.1085940e+00   2.3690100e+00   4.9756940e+03   2.8836810e+03   4.8033790e+03   3.4548610e+00   8.9941750e+02   1.7320490e+03   1.6643230e+01   9.7800920e+00
   3.0335940e+00   3.3859370e+00   1.4322900e-02   2.3747390e+00   4.9583330e+03   3.1857640e+03   3.5973440e+03   3.4548610e+00   3.1747570e+03   3.8675700e+03   1.6643230e+01   8.7962960e+00
   4.5432290e+00   3.8671870e+00   2.2057290e+00   2.9505210e+00   4.5868060e+03   3.2447920e+03   4.1112500e+03   3.4548610e+00   1.0031070e+03   3.8877430e+03   1.7216150e+01   7.9282410e+00
   4.5432290e+00   3.8671870e+00   1.9679690e+00   2.1627600e+00   4.8246530e+03   3.4930550e+03   1.9137380e+03   3.4548610e+00   3.2788350e+03   6.0000000e+03   1.7216150e+01   8.6805550e+00
   4.5432290e+00   3.8671870e+00   2.9505210e+00   2.3088540e+00   4.5781250e+03   3.2569450e+03   2.0002550e+03   3.4548610e+00   3.1242720e+03   4.2335760e+03   1.8877600e+01   7.2337960e+00
   4.5432290e+00   3.8671870e+00   3.9273440e+00   2.1513020e+00   4.9600690e+03   3.3194440e+03   2.2667250e+03   3.4548610e+00   3.1339800e+03   3.3113540e+03   1.8877600e+01   5.7870370e+00
   4.4973960e+00   4.7838540e+00   1.9736980e+00   2.1513020e+00   4.5173610e+03   2.8454860e+03   2.0365920e+03   3.4548610e+00   8.5941750e+02   3.2421880e+03   1.8361980e+01   6.0763890e+00
   4.4973960e+00   4.3083330e+00   1.9679690e+00   2.1513020e+00   4.9218750e+03   3.0486110e+03   2.9432810e+03   3.4548610e+00   9.1339810e+02   2.1585760e+03   1.8361980e+01   7.3495370e+00
   4.4973960e+00   4.3083330e+00   1.9679690e+00   1.7216150e+00   5.1371530e+03   2.8020830e+03   2.3774650e+03   3.4548610e+00   9.4718440e+02   2.2046880e+03   1.6500000e+01   8.1018510e+00
   4.4973960e+00   3.8299480e+00   9.8828120e-01   2.1627600e+00   4.8784720e+03   3.2482640e+03   2.5262730e+03   6.9097220e+00   2.2287380e+03   1.7925690e+03   1.6500000e+01   9.2013880e+00
   4.4973960e+00   3.8299480e+00   9.8828120e-01   1.7302080e+00   3.7656250e+03   3.5607640e+03   1.3513830e+03   3.4548610e+00   3.3001940e+03   3.4035760e+03   1.6958330e+01   7.5810180e+00
   4.4973960e+00   3.8299480e+00   9.8828120e-01   1.7244790e+00   4.3072920e+03   3.4218750e+03   1.4309780e+03   3.4548610e+00   8.8854370e+02   1.8732640e+03   1.6958330e+01   6.7708330e+00
   4.4973960e+00   3.3544270e+00   9.8541670e-01   1.7388020e+00   5.0729170e+03   2.3333330e+03   2.7425640e+03   6.9097220e+00   9.2194170e+02   2.5418750e+03   1.6786460e+01   7.4652780e+00
   2.9992190e+00   3.3544270e+00   9.8828120e-01   1.7216150e+00   4.9861110e+03   2.9357640e+03   2.2528820e+03   6.9097220e+00   3.2986410e+03   2.2363890e+03   1.6786460e+01   9.2013880e+00
   2.9992190e+00   3.3515620e+00   9.8541670e-01   1.5182290e+00   4.3142360e+03   2.7118060e+03   1.2752490e+03   3.4548610e+00   3.3293200e+03   5.3027780e+03   1.8791670e+01   2.0949070e+01
   2.9992190e+00   3.3544270e+00   9.8541670e-01   1.2919270e+00   4.3940970e+03   2.9878470e+03   1.6507290e+03   3.4548610e+00   9.0368930e+02   2.3804860e+03   1.8791670e+01   5.7870370e+00
   2.9992190e+00   3.3544270e+00   9.8828120e-01   1.7216150e+00   5.3993060e+03   2.9809030e+03   2.9588540e+03   3.4548610e+00   9.4097090e+02   1.9136110e+03   1.6872400e+01   6.8865740e+00
   2.9992190e+00   2.8760410e+00   9.8541670e-01   1.2919270e+00   4.8072920e+03   2.8402780e+03   1.4188660e+03   3.4548610e+00   3.1902910e+03   4.2393400e+03   1.6872400e+01   8.5069450e+00
   2.9992190e+00   3.3515620e+00   9.8541670e-01   1.2919270e+00   4.5347220e+03   3.4635420e+03   1.6680320e+03   3.4548610e+00   3.2765050e+03   2.6859720e+03   1.8333330e+01   9.7800920e+00
   2.9992190e+00   3.3544270e+00   1.4322900e-02   1.7216150e+00   4.7517360e+03   3.0243050e+03   1.8843230e+03   3.4548610e+00   8.6058250e+02   3.2104860e+03   1.8333330e+01   7.2916670e+00
   4.4973960e+00   3.8299480e+00   1.4322900e-02   2.1971350e+00   5.1215280e+03   3.0815970e+03   2.3947690e+03   3.4548610e+00   1.6318450e+03   3.3459380e+03   1.6614580e+01   9.3171300e+00
   5.9927080e+00   4.7838540e+00   5.8265620e+00   3.4375000e+00   4.7986110e+03   3.1666670e+03   1.9898730e+03   3.4548610e+00   1.3452430e+03   3.2133680e+03   1.6643230e+01   1.0937500e+01
   5.9296870e+00   4.2682290e+00   3.8872390e+00   3.3229170e+00   4.5503470e+03   2.7934030e+03   2.2771060e+03   3.4548610e+00   3.2912620e+03   3.3171180e+03   1.8734380e+01   8.6226850e+00
   5.9325520e+00   4.2682290e+00   3.8671870e+00   3.4231770e+00   5.5642360e+03   2.8055560e+03   3.1786050e+03   6.9097220e+00   8.9592230e+02   1.1671880e+03   1.9192710e+01   3.9120370e+01
   5.9296870e+00   4.2682290e+00   2.9046870e+00   2.9820310e+00   4.5156250e+03   3.3767360e+03   1.4967300e+03   6.9097220e+00   3.3033010e+03   4.0808330e+03   1.7789060e+01   2.0081020e+01
   5.9325520e+00   3.7955730e+00   2.9046870e+00   2.9791670e+00   4.3819440e+03   3.4062500e+03   1.4309780e+03   3.4548610e+00   8.4504850e+02   3.2565970e+03   1.7789060e+01   2.1354170e+01
   5.9325520e+00   3.7955730e+00   2.9046870e+00   3.4059890e+00   5.0017360e+03   3.3489580e+03   2.7339120e+03   3.4548610e+00   3.2590290e+03   1.4236810e+03   1.8333330e+01   4.6122680e+01
   5.9325520e+00   3.7955730e+00   2.9046870e+00   2.5523440e+00   3.9218750e+03   2.6649310e+03   1.5053820e+03   3.4548610e+00   3.3370870e+03   3.5851390e+03   1.8333330e+01   1.8229170e+01
   5.9296870e+00   3.7955730e+00   2.9046870e+00   2.9791670e+00   4.2604170e+03   3.3177080e+03   1.3600350e+03   3.4548610e+00   3.3200000e+03   4.9684720e+03   1.9450520e+01   4.2013890e+01
   5.9325520e+00   3.7955730e+00   2.8989580e+00   2.5523440e+00   4.5399310e+03   2.9774310e+03   1.5244160e+03   3.4548610e+00   3.3370870e+03   5.0866320e+03   1.9450520e+01   2.6678240e+01
   5.9325520e+00   3.7955730e+00   2.1255210e+00   2.5552080e+00   4.5746530e+03   2.9618050e+03   1.4950000e+03   3.4548610e+00   3.3095140e+03   4.1327080e+03   2.1627600e+01   5.4398150e+00
   5.9325520e+00   3.7955730e+00   2.8989580e+00   2.5236980e+00   4.8611110e+03   3.1336810e+03   1.5399880e+03   3.4548610e+00   3.3184470e+03   3.9453820e+03   2.1627600e+01   4.3402780e+01
   4.4515620e+00   3.7955730e+00   1.9479170e+00   2.5523440e+00   4.7239580e+03   3.2222220e+03   1.2735190e+03   3.4548610e+00   4.5044660e+03   6.0000000e+03   2.1226560e+01   7.0601850e+00
   4.4716140e+00   3.3229170e+00   1.9479170e+00   2.4778650e+00   4.2968750e+03   3.3836810e+03   1.3133160e+03   3.4548610e+00   4.6349510e+03   3.8675700e+03   2.1226560e+01   1.4409720e+01
   4.4716140e+00   3.3343750e+00   1.9593750e+00   2.5666670e+00   3.9756940e+03   3.1875000e+03   1.2752490e+03   3.4548610e+00   4.6287380e+03   6.0000000e+03   2.1598960e+01   2.7256940e+01
   5.9611980e+00   4.2682290e+00   2.9333330e+00   2.9934900e+00   4.6597220e+03   3.1579860e+03   1.4119440e+03   3.4548610e+00   4.4532040e+03   5.7321880e+03   2.1598960e+01   1.5277780e+01
   5.9611980e+00   4.7408850e+00   4.8812500e+00   2.9934900e+00   5.0277780e+03   2.6631950e+03   1.5694040e+03   6.9097220e+00   1.9382520e+03   3.7321180e+03   2.2658860e+01   1.2245370e+02
   5.9611980e+00   4.2682290e+00   3.9072920e+00   2.5666670e+00   5.7239580e+03   3.2239580e+03   2.4034200e+03   3.4548610e+00   1.8869900e+03   3.7609380e+03   2.2658860e+01   1.8408560e+02
   5.9611980e+00   4.2682290e+00   3.9072920e+00   2.9705730e+00   5.5885420e+03   3.6458330e+03   2.4432180e+03   3.4548610e+00   1.1689320e+03   3.8070490e+03   2.0510420e+01   2.0000000e+02
   5.9325520e+00   4.2682290e+00   3.9072920e+00   2.7815100e+00   5.4843750e+03   3.4965280e+03   2.4830150e+03   3.4548610e+00   4.4675730e+03   3.2710070e+03   2.0510420e+01   4.0625000e+01
   5.9296870e+00   4.2682290e+00   3.9072920e+00   3.0106770e+00   3.9947920e+03   3.3454860e+03   1.4119440e+03   6.9097220e+00   4.6015530e+03   5.8128820e+03   1.9794270e+01   4.9131950e+01
   2.9820310e+00   4.2682290e+00   1.9593750e+00   2.5809890e+00   3.8281250e+03   3.3420140e+03   1.2354510e+03   3.4548610e+00   4.5530100e+03   6.0000000e+03   1.9794270e+01   1.2731480e+01
   5.9611980e+00   3.7955730e+00   1.9593750e+00   2.5809890e+00   4.3159720e+03   2.6840280e+03   1.2821700e+03   3.4548610e+00   4.4434950e+03   6.0000000e+03   2.1656250e+01   2.4363430e+01
   5.9611980e+00   3.8127600e+00   2.9476560e+00   3.0078130e+00   4.8888890e+03   2.6753470e+03   2.2130840e+03   3.4548610e+00   1.8147570e+03   3.7638190e+03   2.1656250e+01   1.6898150e+01
   5.9611980e+00   3.8098960e+00   1.9593750e+00   3.4546870e+00   5.0451390e+03   3.2309030e+03   1.2717880e+03   3.4548610e+00   4.4939800e+03   6.0000000e+03   2.0309900e+01   1.7476850e+01
   5.9611980e+00   3.8127600e+00   1.9593750e+00   2.5924480e+00   5.0468750e+03   3.5277780e+03   1.5140330e+03   3.4548610e+00   2.3631070e+03   3.1874310e+03   2.0309900e+01   1.9444440e+01
   4.4973960e+00   3.8299480e+00   9.8541670e-01   2.5924480e+00   4.9826390e+03   3.5746530e+03   1.3929110e+03   3.4548610e+00   4.7382520e+03   5.5073960e+03   2.3174480e+01   2.1354170e+01
   4.4973960e+00   3.3544270e+00   1.9593750e+00   2.5953130e+00   4.2916670e+03   3.1059030e+03   1.2665970e+03   3.4548610e+00   4.7071850e+03   6.0000000e+03   2.3174480e+01   2.2280090e+01
   4.4973960e+00   3.3544270e+00   1.9622400e+00   2.5838540e+00   4.5173610e+03   3.0381940e+03   1.4102140e+03   3.4548610e+00   2.2819420e+03   5.5650350e+03   2.1026040e+01   1.5046300e+01
   4.4973960e+00   3.3716140e+00   1.9479170e+00   2.5809890e+00   5.4184030e+03   2.8281250e+03   2.0573550e+03   3.4548610e+00   1.9203880e+03   1.3718060e+03   2.1026040e+01   1.4583330e+01
   5.9927080e+00   3.8270830e+00   1.9479170e+00   2.5809890e+00   5.8437500e+03   3.1666670e+03   2.6127890e+03   3.4548610e+00   1.8803880e+03   2.2536810e+03   2.3546880e+01   1.6145830e+01
   5.9927080e+00   3.3515620e+00   2.1197920e+00   2.1627600e+00   5.4843750e+03   3.7968750e+03   2.1438720e+03   3.4548610e+00   1.9976700e+03   3.2479510e+03   2.3518230e+01   2.1759260e+01
   4.4973960e+00   3.3544270e+00   1.9479170e+00   2.1513020e+00   4.6215280e+03   3.8888890e+03   1.4015630e+03   6.9097220e+00   4.4819420e+03   3.3142360e+03   2.3031250e+01   7.2685190e+01
   2.9992190e+00   3.3515620e+00   2.9132810e+00   2.1513020e+00   4.0000000e+03   3.7100690e+03   1.3513830e+03   3.4548610e+00   4.4633010e+03   2.8732990e+03   2.3031250e+01   1.3657410e+01
   1.5039060e+00   3.3544270e+00   1.9479170e+00   1.7158850e+00   4.0277780e+03   3.1371530e+03   1.2890910e+03   3.4548610e+00   4.4671850e+03   4.8964240e+03   2.3031250e+01   2.1643520e+01
